removed_nodes	sizeG_random
0	19254
1	19253
2	19252
3	19251
4	19250
5	19248
6	19247
7	19246
8	19245
9	19244
10	19243
11	19242
12	19241
13	19240
14	19239
15	19238
16	19237
17	19236
18	19235
19	19234
20	19233
21	19232
22	19231
23	19230
24	19229
25	19228
26	19227
27	19226
28	19225
29	19224
30	19223
31	19222
32	19221
33	19220
34	19219
35	19218
36	19217
37	19216
38	19215
39	19214
40	19213
41	19212
42	19211
43	19210
44	19209
45	19208
46	19207
47	19206
48	19205
49	19204
50	19203
51	19202
52	19201
53	19200
54	19199
55	19198
56	19197
57	19196
58	19195
59	19194
60	19193
61	19192
62	19191
63	19190
64	19189
65	19188
66	19187
67	19186
68	19185
69	19184
70	19183
71	19182
72	19181
73	19180
74	19179
75	19178
76	19177
77	19176
78	19175
79	19174
80	19173
81	19172
82	19171
83	19170
84	19169
85	19168
86	19167
87	19166
88	19165
89	19164
90	19163
91	19162
92	19161
93	19160
94	19159
95	19158
96	19157
97	19156
98	19155
99	19154
100	19153
101	19152
102	19151
103	19150
104	19149
105	19148
106	19147
107	19146
108	19145
109	19144
110	19143
111	19142
112	19141
113	19139
114	19138
115	19137
116	19136
117	19135
118	19134
119	19133
120	19132
121	19131
122	19130
123	19129
124	19128
125	19127
126	19126
127	19125
128	19124
129	19123
130	19122
131	19121
132	19120
133	19119
134	19118
135	19117
136	19116
137	19115
138	19114
139	19113
140	19112
141	19111
142	19110
143	19109
144	19108
145	19107
146	19106
147	19105
148	19104
149	19103
150	19102
151	19100
152	19099
153	19098
154	19097
155	19096
156	19095
157	19094
158	19093
159	19092
160	19091
161	19090
162	19089
163	19088
164	19087
165	19086
166	19085
167	19084
168	19083
169	19082
170	19081
171	19080
172	19079
173	19078
174	19077
175	19076
176	19075
177	19074
178	19073
179	19072
180	19071
181	19070
182	19069
183	19068
184	19067
185	19066
186	19065
187	19064
188	19063
189	19062
190	19061
191	19060
192	19059
193	19058
194	19057
195	19056
196	19055
197	19054
198	19053
199	19052
200	19051
201	19050
202	19049
203	19048
204	19047
205	19046
206	19045
207	19044
208	19043
209	19042
210	19041
211	19040
212	19039
213	19038
214	19037
215	19036
216	19035
217	19034
218	19033
219	19032
220	19031
221	19030
222	19029
223	19028
224	19027
225	19026
226	19025
227	19024
228	19023
229	19022
230	19021
231	19020
232	19019
233	19018
234	19017
235	19016
236	19015
237	19014
238	19013
239	19012
240	19011
241	19010
242	19009
243	19008
244	19007
245	19006
246	19005
247	19004
248	19003
249	19002
250	19001
251	19000
252	18999
253	18998
254	18997
255	18996
256	18995
257	18994
258	18993
259	18992
260	18991
261	18990
262	18989
263	18988
264	18987
265	18986
266	18985
267	18984
268	18983
269	18982
270	18981
271	18980
272	18979
273	18978
274	18977
275	18976
276	18975
277	18974
278	18973
279	18972
280	18971
281	18970
282	18969
283	18968
284	18967
285	18966
286	18965
287	18964
288	18963
289	18962
290	18961
291	18960
292	18959
293	18958
294	18957
295	18956
296	18955
297	18954
298	18953
299	18952
300	18951
301	18950
302	18949
303	18948
304	18947
305	18946
306	18945
307	18944
308	18943
309	18942
310	18941
311	18940
312	18939
313	18938
314	18937
315	18936
316	18935
317	18934
318	18933
319	18932
320	18931
321	18930
322	18929
323	18928
324	18927
325	18926
326	18925
327	18924
328	18923
329	18922
330	18921
331	18920
332	18919
333	18918
334	18917
335	18916
336	18915
337	18914
338	18913
339	18912
340	18911
341	18910
342	18909
343	18908
344	18907
345	18906
346	18905
347	18904
348	18903
349	18902
350	18901
351	18900
352	18899
353	18898
354	18897
355	18896
356	18895
357	18894
358	18893
359	18892
360	18891
361	18890
362	18889
363	18887
364	18886
365	18885
366	18884
367	18883
368	18882
369	18881
370	18880
371	18879
372	18878
373	18877
374	18876
375	18875
376	18874
377	18873
378	18872
379	18871
380	18870
381	18869
382	18868
383	18867
384	18866
385	18865
386	18864
387	18863
388	18862
389	18861
390	18860
391	18859
392	18858
393	18857
394	18856
395	18855
396	18854
397	18853
398	18852
399	18851
400	18850
401	18849
402	18848
403	18847
404	18846
405	18845
406	18844
407	18843
408	18842
409	18841
410	18840
411	18839
412	18838
413	18837
414	18836
415	18835
416	18834
417	18833
418	18832
419	18831
420	18830
421	18829
422	18828
423	18827
424	18826
425	18825
426	18824
427	18823
428	18822
429	18821
430	18820
431	18819
432	18818
433	18817
434	18816
435	18815
436	18814
437	18813
438	18812
439	18811
440	18810
441	18809
442	18808
443	18807
444	18806
445	18805
446	18804
447	18803
448	18802
449	18801
450	18800
451	18799
452	18798
453	18797
454	18796
455	18795
456	18794
457	18793
458	18792
459	18791
460	18790
461	18789
462	18788
463	18787
464	18786
465	18785
466	18784
467	18783
468	18782
469	18781
470	18780
471	18779
472	18778
473	18777
474	18776
475	18775
476	18774
477	18773
478	18772
479	18771
480	18770
481	18769
482	18768
483	18767
484	18766
485	18765
486	18764
487	18763
488	18762
489	18761
490	18760
491	18759
492	18758
493	18757
494	18756
495	18755
496	18754
497	18753
498	18752
499	18751
500	18750
501	18749
502	18748
503	18747
504	18746
505	18745
506	18744
507	18743
508	18742
509	18741
510	18740
511	18739
512	18738
513	18737
514	18736
515	18735
516	18734
517	18733
518	18732
519	18731
520	18730
521	18729
522	18728
523	18727
524	18726
525	18725
526	18724
527	18723
528	18722
529	18721
530	18720
531	18719
532	18718
533	18717
534	18716
535	18715
536	18714
537	18713
538	18712
539	18711
540	18710
541	18709
542	18708
543	18707
544	18706
545	18705
546	18704
547	18703
548	18702
549	18701
550	18700
551	18699
552	18698
553	18697
554	18696
555	18695
556	18694
557	18693
558	18692
559	18691
560	18690
561	18689
562	18688
563	18687
564	18686
565	18685
566	18684
567	18683
568	18682
569	18681
570	18680
571	18679
572	18678
573	18677
574	18676
575	18675
576	18674
577	18673
578	18672
579	18671
580	18670
581	18669
582	18668
583	18667
584	18666
585	18665
586	18664
587	18663
588	18662
589	18661
590	18660
591	18659
592	18658
593	18657
594	18656
595	18655
596	18654
597	18653
598	18652
599	18651
600	18650
601	18649
602	18648
603	18647
604	18646
605	18645
606	18644
607	18643
608	18642
609	18641
610	18640
611	18639
612	18638
613	18637
614	18636
615	18635
616	18634
617	18633
618	18632
619	18631
620	18630
621	18629
622	18628
623	18627
624	18626
625	18625
626	18624
627	18623
628	18622
629	18621
630	18620
631	18619
632	18618
633	18617
634	18616
635	18615
636	18614
637	18613
638	18612
639	18611
640	18610
641	18609
642	18608
643	18607
644	18606
645	18605
646	18604
647	18603
648	18602
649	18601
650	18600
651	18599
652	18598
653	18597
654	18596
655	18595
656	18594
657	18593
658	18592
659	18591
660	18590
661	18589
662	18588
663	18587
664	18586
665	18585
666	18584
667	18583
668	18582
669	18581
670	18580
671	18579
672	18578
673	18577
674	18576
675	18575
676	18574
677	18573
678	18572
679	18571
680	18570
681	18569
682	18568
683	18567
684	18566
685	18565
686	18564
687	18563
688	18562
689	18561
690	18560
691	18559
692	18558
693	18557
694	18556
695	18555
696	18554
697	18553
698	18552
699	18551
700	18550
701	18549
702	18548
703	18547
704	18546
705	18545
706	18544
707	18543
708	18542
709	18541
710	18540
711	18539
712	18538
713	18537
714	18536
715	18535
716	18534
717	18533
718	18532
719	18531
720	18530
721	18529
722	18528
723	18527
724	18526
725	18525
726	18524
727	18523
728	18522
729	18521
730	18520
731	18519
732	18518
733	18517
734	18516
735	18515
736	18514
737	18513
738	18512
739	18511
740	18510
741	18509
742	18508
743	18507
744	18506
745	18505
746	18504
747	18503
748	18502
749	18501
750	18500
751	18499
752	18498
753	18497
754	18496
755	18495
756	18494
757	18493
758	18492
759	18491
760	18490
761	18489
762	18488
763	18487
764	18486
765	18485
766	18484
767	18483
768	18482
769	18481
770	18480
771	18479
772	18478
773	18477
774	18476
775	18475
776	18474
777	18473
778	18472
779	18471
780	18470
781	18469
782	18468
783	18467
784	18466
785	18465
786	18464
787	18463
788	18462
789	18461
790	18460
791	18459
792	18458
793	18457
794	18456
795	18455
796	18454
797	18453
798	18452
799	18451
800	18450
801	18449
802	18448
803	18447
804	18446
805	18445
806	18444
807	18443
808	18442
809	18441
810	18440
811	18439
812	18438
813	18437
814	18436
815	18435
816	18434
817	18433
818	18432
819	18431
820	18430
821	18429
822	18428
823	18427
824	18426
825	18425
826	18424
827	18423
828	18422
829	18421
830	18420
831	18419
832	18418
833	18417
834	18416
835	18415
836	18414
837	18413
838	18412
839	18411
840	18410
841	18409
842	18408
843	18407
844	18406
845	18405
846	18404
847	18403
848	18402
849	18401
850	18400
851	18399
852	18398
853	18397
854	18396
855	18395
856	18394
857	18393
858	18392
859	18391
860	18390
861	18389
862	18388
863	18387
864	18386
865	18385
866	18384
867	18383
868	18382
869	18381
870	18380
871	18379
872	18378
873	18377
874	18376
875	18375
876	18374
877	18373
878	18372
879	18371
880	18370
881	18369
882	18368
883	18367
884	18366
885	18365
886	18364
887	18363
888	18362
889	18361
890	18360
891	18359
892	18358
893	18357
894	18356
895	18355
896	18354
897	18353
898	18352
899	18351
900	18350
901	18349
902	18348
903	18347
904	18346
905	18345
906	18344
907	18343
908	18342
909	18341
910	18340
911	18339
912	18338
913	18337
914	18336
915	18335
916	18334
917	18333
918	18332
919	18331
920	18330
921	18328
922	18327
923	18326
924	18325
925	18324
926	18323
927	18322
928	18321
929	18320
930	18319
931	18318
932	18317
933	18316
934	18315
935	18314
936	18313
937	18312
938	18311
939	18310
940	18309
941	18308
942	18307
943	18306
944	18305
945	18304
946	18303
947	18302
948	18301
949	18300
950	18299
951	18298
952	18297
953	18296
954	18295
955	18294
956	18293
957	18292
958	18291
959	18290
960	18289
961	18288
962	18287
963	18286
964	18285
965	18284
966	18283
967	18282
968	18281
969	18280
970	18279
971	18278
972	18277
973	18276
974	18275
975	18274
976	18273
977	18272
978	18271
979	18270
980	18269
981	18268
982	18267
983	18266
984	18265
985	18264
986	18263
987	18262
988	18261
989	18260
990	18259
991	18258
992	18257
993	18256
994	18255
995	18254
996	18253
997	18252
998	18251
999	18250
1000	18249
1001	18248
1002	18247
1003	18246
1004	18245
1005	18244
1006	18243
1007	18242
1008	18241
1009	18240
1010	18239
1011	18238
1012	18237
1013	18236
1014	18235
1015	18234
1016	18233
1017	18232
1018	18231
1019	18230
1020	18229
1021	18228
1022	18227
1023	18226
1024	18225
1025	18224
1026	18223
1027	18222
1028	18221
1029	18220
1030	18219
1031	18218
1032	18217
1033	18216
1034	18215
1035	18214
1036	18213
1037	18212
1038	18211
1039	18210
1040	18209
1041	18208
1042	18207
1043	18206
1044	18205
1045	18204
1046	18203
1047	18202
1048	18201
1049	18200
1050	18199
1051	18198
1052	18197
1053	18196
1054	18195
1055	18194
1056	18193
1057	18192
1058	18191
1059	18190
1060	18189
1061	18188
1062	18187
1063	18186
1064	18185
1065	18184
1066	18183
1067	18182
1068	18181
1069	18180
1070	18179
1071	18178
1072	18177
1073	18176
1074	18175
1075	18174
1076	18173
1077	18172
1078	18171
1079	18170
1080	18169
1081	18168
1082	18167
1083	18166
1084	18165
1085	18164
1086	18163
1087	18162
1088	18161
1089	18160
1090	18159
1091	18158
1092	18157
1093	18156
1094	18155
1095	18154
1096	18153
1097	18152
1098	18151
1099	18150
1100	18149
1101	18148
1102	18147
1103	18146
1104	18145
1105	18144
1106	18143
1107	18142
1108	18141
1109	18140
1110	18139
1111	18138
1112	18137
1113	18136
1114	18135
1115	18134
1116	18133
1117	18132
1118	18131
1119	18130
1120	18129
1121	18128
1122	18127
1123	18126
1124	18125
1125	18124
1126	18123
1127	18122
1128	18121
1129	18120
1130	18119
1131	18118
1132	18117
1133	18116
1134	18115
1135	18114
1136	18113
1137	18112
1138	18111
1139	18110
1140	18109
1141	18108
1142	18107
1143	18106
1144	18105
1145	18104
1146	18103
1147	18102
1148	18101
1149	18100
1150	18099
1151	18098
1152	18097
1153	18096
1154	18095
1155	18094
1156	18093
1157	18092
1158	18091
1159	18090
1160	18089
1161	18088
1162	18087
1163	18086
1164	18085
1165	18084
1166	18083
1167	18082
1168	18081
1169	18080
1170	18079
1171	18078
1172	18077
1173	18076
1174	18075
1175	18074
1176	18073
1177	18072
1178	18071
1179	18070
1180	18069
1181	18068
1182	18067
1183	18066
1184	18065
1185	18064
1186	18063
1187	18062
1188	18061
1189	18060
1190	18059
1191	18058
1192	18057
1193	18056
1194	18055
1195	18054
1196	18053
1197	18052
1198	18051
1199	18050
1200	18049
1201	18048
1202	18047
1203	18046
1204	18045
1205	18044
1206	18043
1207	18042
1208	18041
1209	18040
1210	18039
1211	18038
1212	18037
1213	18036
1214	18035
1215	18034
1216	18033
1217	18032
1218	18031
1219	18030
1220	18029
1221	18028
1222	18027
1223	18026
1224	18025
1225	18024
1226	18023
1227	18022
1228	18021
1229	18020
1230	18019
1231	18018
1232	18017
1233	18016
1234	18015
1235	18014
1236	18013
1237	18012
1238	18011
1239	18010
1240	18009
1241	18008
1242	18007
1243	18006
1244	18005
1245	18004
1246	18003
1247	18002
1248	18001
1249	18000
1250	17999
1251	17998
1252	17997
1253	17996
1254	17995
1255	17994
1256	17993
1257	17992
1258	17991
1259	17990
1260	17989
1261	17988
1262	17987
1263	17986
1264	17985
1265	17984
1266	17983
1267	17982
1268	17981
1269	17980
1270	17979
1271	17978
1272	17977
1273	17976
1274	17975
1275	17974
1276	17973
1277	17972
1278	17971
1279	17970
1280	17969
1281	17968
1282	17967
1283	17966
1284	17965
1285	17964
1286	17963
1287	17962
1288	17961
1289	17960
1290	17959
1291	17958
1292	17957
1293	17956
1294	17955
1295	17954
1296	17953
1297	17952
1298	17951
1299	17950
1300	17949
1301	17948
1302	17947
1303	17946
1304	17945
1305	17944
1306	17943
1307	17942
1308	17941
1309	17940
1310	17939
1311	17938
1312	17937
1313	17936
1314	17935
1315	17934
1316	17933
1317	17932
1318	17931
1319	17930
1320	17929
1321	17928
1322	17927
1323	17926
1324	17925
1325	17924
1326	17923
1327	17922
1328	17921
1329	17920
1330	17919
1331	17918
1332	17917
1333	17916
1334	17915
1335	17914
1336	17913
1337	17912
1338	17911
1339	17910
1340	17909
1341	17908
1342	17907
1343	17906
1344	17905
1345	17904
1346	17903
1347	17902
1348	17901
1349	17900
1350	17899
1351	17898
1352	17897
1353	17896
1354	17895
1355	17894
1356	17893
1357	17892
1358	17891
1359	17890
1360	17889
1361	17888
1362	17887
1363	17886
1364	17885
1365	17884
1366	17883
1367	17881
1368	17880
1369	17879
1370	17878
1371	17877
1372	17876
1373	17875
1374	17874
1375	17873
1376	17872
1377	17871
1378	17870
1379	17869
1380	17868
1381	17867
1382	17866
1383	17865
1384	17864
1385	17863
1386	17862
1387	17861
1388	17860
1389	17859
1390	17858
1391	17857
1392	17856
1393	17855
1394	17854
1395	17853
1396	17852
1397	17851
1398	17850
1399	17849
1400	17848
1401	17847
1402	17846
1403	17845
1404	17844
1405	17843
1406	17842
1407	17841
1408	17840
1409	17839
1410	17838
1411	17837
1412	17836
1413	17835
1414	17834
1415	17833
1416	17832
1417	17831
1418	17830
1419	17829
1420	17828
1421	17827
1422	17826
1423	17825
1424	17824
1425	17823
1426	17822
1427	17821
1428	17820
1429	17818
1430	17817
1431	17816
1432	17815
1433	17814
1434	17813
1435	17812
1436	17811
1437	17810
1438	17809
1439	17808
1440	17807
1441	17806
1442	17805
1443	17804
1444	17803
1445	17802
1446	17801
1447	17800
1448	17799
1449	17798
1450	17797
1451	17796
1452	17795
1453	17794
1454	17793
1455	17792
1456	17791
1457	17790
1458	17789
1459	17788
1460	17787
1461	17786
1462	17785
1463	17784
1464	17783
1465	17782
1466	17781
1467	17780
1468	17779
1469	17778
1470	17777
1471	17776
1472	17775
1473	17774
1474	17773
1475	17772
1476	17771
1477	17770
1478	17769
1479	17768
1480	17767
1481	17766
1482	17765
1483	17764
1484	17763
1485	17762
1486	17761
1487	17760
1488	17759
1489	17758
1490	17757
1491	17756
1492	17755
1493	17754
1494	17753
1495	17752
1496	17751
1497	17750
1498	17749
1499	17748
1500	17747
1501	17746
1502	17745
1503	17744
1504	17743
1505	17742
1506	17741
1507	17740
1508	17739
1509	17738
1510	17737
1511	17736
1512	17735
1513	17734
1514	17733
1515	17732
1516	17731
1517	17730
1518	17729
1519	17728
1520	17727
1521	17726
1522	17725
1523	17724
1524	17723
1525	17722
1526	17721
1527	17720
1528	17719
1529	17718
1530	17717
1531	17716
1532	17715
1533	17714
1534	17713
1535	17712
1536	17711
1537	17710
1538	17709
1539	17708
1540	17707
1541	17706
1542	17705
1543	17704
1544	17703
1545	17702
1546	17701
1547	17700
1548	17699
1549	17698
1550	17697
1551	17696
1552	17695
1553	17694
1554	17693
1555	17692
1556	17691
1557	17690
1558	17689
1559	17688
1560	17687
1561	17686
1562	17685
1563	17684
1564	17683
1565	17682
1566	17681
1567	17680
1568	17679
1569	17678
1570	17677
1571	17676
1572	17675
1573	17674
1574	17673
1575	17672
1576	17671
1577	17670
1578	17669
1579	17668
1580	17667
1581	17666
1582	17665
1583	17664
1584	17663
1585	17662
1586	17661
1587	17660
1588	17659
1589	17658
1590	17657
1591	17656
1592	17655
1593	17654
1594	17653
1595	17652
1596	17651
1597	17650
1598	17649
1599	17648
1600	17647
1601	17646
1602	17645
1603	17644
1604	17643
1605	17642
1606	17641
1607	17640
1608	17639
1609	17638
1610	17637
1611	17636
1612	17635
1613	17634
1614	17633
1615	17632
1616	17631
1617	17630
1618	17629
1619	17628
1620	17627
1621	17626
1622	17625
1623	17624
1624	17623
1625	17622
1626	17621
1627	17620
1628	17619
1629	17618
1630	17617
1631	17616
1632	17615
1633	17614
1634	17613
1635	17612
1636	17611
1637	17610
1638	17609
1639	17608
1640	17607
1641	17606
1642	17605
1643	17604
1644	17603
1645	17602
1646	17601
1647	17600
1648	17599
1649	17598
1650	17596
1651	17595
1652	17594
1653	17593
1654	17592
1655	17591
1656	17590
1657	17589
1658	17588
1659	17587
1660	17586
1661	17585
1662	17584
1663	17583
1664	17582
1665	17581
1666	17580
1667	17579
1668	17578
1669	17577
1670	17576
1671	17575
1672	17574
1673	17572
1674	17571
1675	17570
1676	17569
1677	17568
1678	17567
1679	17566
1680	17565
1681	17564
1682	17563
1683	17562
1684	17561
1685	17560
1686	17559
1687	17558
1688	17557
1689	17556
1690	17555
1691	17554
1692	17553
1693	17552
1694	17551
1695	17550
1696	17549
1697	17548
1698	17547
1699	17546
1700	17545
1701	17544
1702	17543
1703	17542
1704	17541
1705	17540
1706	17538
1707	17537
1708	17536
1709	17535
1710	17534
1711	17533
1712	17532
1713	17531
1714	17530
1715	17529
1716	17528
1717	17527
1718	17526
1719	17525
1720	17524
1721	17523
1722	17522
1723	17521
1724	17520
1725	17519
1726	17518
1727	17517
1728	17516
1729	17515
1730	17514
1731	17513
1732	17512
1733	17511
1734	17510
1735	17509
1736	17508
1737	17507
1738	17506
1739	17505
1740	17504
1741	17503
1742	17502
1743	17501
1744	17500
1745	17499
1746	17498
1747	17497
1748	17496
1749	17495
1750	17494
1751	17493
1752	17492
1753	17491
1754	17490
1755	17489
1756	17488
1757	17487
1758	17486
1759	17485
1760	17484
1761	17483
1762	17482
1763	17481
1764	17480
1765	17479
1766	17478
1767	17477
1768	17476
1769	17475
1770	17474
1771	17473
1772	17472
1773	17471
1774	17470
1775	17469
1776	17468
1777	17467
1778	17466
1779	17465
1780	17464
1781	17463
1782	17462
1783	17461
1784	17460
1785	17459
1786	17458
1787	17457
1788	17456
1789	17455
1790	17454
1791	17453
1792	17452
1793	17451
1794	17450
1795	17449
1796	17448
1797	17447
1798	17446
1799	17445
1800	17444
1801	17443
1802	17442
1803	17441
1804	17440
1805	17439
1806	17438
1807	17437
1808	17436
1809	17435
1810	17434
1811	17433
1812	17432
1813	17431
1814	17430
1815	17428
1816	17427
1817	17426
1818	17425
1819	17424
1820	17423
1821	17422
1822	17421
1823	17420
1824	17419
1825	17418
1826	17417
1827	17416
1828	17415
1829	17414
1830	17413
1831	17412
1832	17411
1833	17410
1834	17409
1835	17408
1836	17407
1837	17406
1838	17405
1839	17404
1840	17403
1841	17402
1842	17401
1843	17400
1844	17399
1845	17398
1846	17397
1847	17396
1848	17395
1849	17394
1850	17393
1851	17392
1852	17391
1853	17390
1854	17389
1855	17388
1856	17387
1857	17386
1858	17385
1859	17384
1860	17383
1861	17382
1862	17381
1863	17380
1864	17379
1865	17378
1866	17377
1867	17376
1868	17375
1869	17374
1870	17373
1871	17372
1872	17371
1873	17370
1874	17369
1875	17368
1876	17367
1877	17366
1878	17365
1879	17364
1880	17362
1881	17361
1882	17360
1883	17359
1884	17358
1885	17357
1886	17356
1887	17355
1888	17354
1889	17353
1890	17352
1891	17351
1892	17350
1893	17349
1894	17348
1895	17347
1896	17346
1897	17345
1898	17344
1899	17343
1900	17342
1901	17341
1902	17340
1903	17339
1904	17338
1905	17337
1906	17336
1907	17335
1908	17334
1909	17333
1910	17332
1911	17331
1912	17330
1913	17329
1914	17328
1915	17327
1916	17326
1917	17325
1918	17324
1919	17323
1920	17322
1921	17321
1922	17320
1923	17319
1924	17318
1925	17317
1926	17316
1927	17315
1928	17314
1929	17313
1930	17312
1931	17311
1932	17310
1933	17309
1934	17308
1935	17307
1936	17306
1937	17305
1938	17304
1939	17303
1940	17302
1941	17301
1942	17300
1943	17299
1944	17298
1945	17297
1946	17296
1947	17295
1948	17294
1949	17293
1950	17292
1951	17291
1952	17290
1953	17289
1954	17288
1955	17287
1956	17286
1957	17285
1958	17284
1959	17283
1960	17282
1961	17281
1962	17280
1963	17279
1964	17278
1965	17277
1966	17276
1967	17275
1968	17274
1969	17273
1970	17272
1971	17271
1972	17270
1973	17269
1974	17268
1975	17267
1976	17266
1977	17265
1978	17264
1979	17263
1980	17262
1981	17261
1982	17260
1983	17259
1984	17258
1985	17257
1986	17256
1987	17255
1988	17254
1989	17252
1990	17251
1991	17250
1992	17249
1993	17248
1994	17247
1995	17246
1996	17245
1997	17244
1998	17243
1999	17242
2000	17241
2001	17240
2002	17239
2003	17238
2004	17237
2005	17236
2006	17235
2007	17234
2008	17233
2009	17232
2010	17231
2011	17230
2012	17229
2013	17228
2014	17227
2015	17226
2016	17225
2017	17224
2018	17223
2019	17222
2020	17221
2021	17220
2022	17218
2023	17217
2024	17216
2025	17215
2026	17214
2027	17213
2028	17212
2029	17211
2030	17210
2031	17209
2032	17208
2033	17207
2034	17206
2035	17205
2036	17204
2037	17202
2038	17201
2039	17200
2040	17199
2041	17198
2042	17197
2043	17196
2044	17195
2045	17194
2046	17193
2047	17192
2048	17191
2049	17190
2050	17189
2051	17188
2052	17187
2053	17186
2054	17185
2055	17184
2056	17183
2057	17182
2058	17181
2059	17180
2060	17179
2061	17178
2062	17177
2063	17176
2064	17175
2065	17174
2066	17173
2067	17172
2068	17171
2069	17170
2070	17169
2071	17168
2072	17167
2073	17166
2074	17165
2075	17164
2076	17163
2077	17162
2078	17161
2079	17160
2080	17159
2081	17158
2082	17157
2083	17156
2084	17155
2085	17154
2086	17153
2087	17152
2088	17151
2089	17150
2090	17149
2091	17148
2092	17147
2093	17146
2094	17145
2095	17144
2096	17143
2097	17142
2098	17141
2099	17140
2100	17139
2101	17138
2102	17137
2103	17136
2104	17135
2105	17134
2106	17133
2107	17132
2108	17131
2109	17130
2110	17129
2111	17128
2112	17127
2113	17126
2114	17125
2115	17124
2116	17123
2117	17122
2118	17121
2119	17120
2120	17119
2121	17118
2122	17117
2123	17116
2124	17115
2125	17114
2126	17113
2127	17112
2128	17111
2129	17110
2130	17109
2131	17108
2132	17107
2133	17106
2134	17105
2135	17104
2136	17103
2137	17102
2138	17101
2139	17100
2140	17099
2141	17098
2142	17097
2143	17096
2144	17095
2145	17094
2146	17093
2147	17092
2148	17091
2149	17090
2150	17089
2151	17088
2152	17087
2153	17086
2154	17085
2155	17084
2156	17083
2157	17082
2158	17081
2159	17080
2160	17079
2161	17078
2162	17077
2163	17076
2164	17075
2165	17073
2166	17072
2167	17071
2168	17069
2169	17068
2170	17067
2171	17066
2172	17065
2173	17064
2174	17063
2175	17062
2176	17061
2177	17060
2178	17059
2179	17058
2180	17057
2181	17056
2182	17055
2183	17054
2184	17053
2185	17052
2186	17051
2187	17050
2188	17049
2189	17048
2190	17047
2191	17046
2192	17045
2193	17044
2194	17043
2195	17042
2196	17041
2197	17040
2198	17039
2199	17038
2200	17037
2201	17036
2202	17035
2203	17034
2204	17033
2205	17032
2206	17031
2207	17030
2208	17029
2209	17028
2210	17027
2211	17026
2212	17025
2213	17024
2214	17023
2215	17022
2216	17021
2217	17020
2218	17019
2219	17018
2220	17017
2221	17016
2222	17015
2223	17014
2224	17013
2225	17012
2226	17011
2227	17010
2228	17009
2229	17008
2230	17007
2231	17006
2232	17005
2233	17004
2234	17003
2235	17002
2236	17001
2237	17000
2238	16999
2239	16998
2240	16997
2241	16996
2242	16995
2243	16994
2244	16993
2245	16992
2246	16991
2247	16990
2248	16989
2249	16988
2250	16987
2251	16986
2252	16985
2253	16984
2254	16983
2255	16982
2256	16981
2257	16980
2258	16979
2259	16978
2260	16977
2261	16976
2262	16975
2263	16974
2264	16973
2265	16972
2266	16971
2267	16970
2268	16969
2269	16968
2270	16967
2271	16966
2272	16965
2273	16964
2274	16963
2275	16962
2276	16961
2277	16960
2278	16959
2279	16958
2280	16957
2281	16956
2282	16955
2283	16954
2284	16953
2285	16952
2286	16951
2287	16950
2288	16949
2289	16948
2290	16947
2291	16946
2292	16945
2293	16944
2294	16943
2295	16942
2296	16941
2297	16940
2298	16939
2299	16938
2300	16937
2301	16936
2302	16935
2303	16934
2304	16933
2305	16932
2306	16931
2307	16930
2308	16929
2309	16928
2310	16927
2311	16926
2312	16925
2313	16924
2314	16923
2315	16922
2316	16921
2317	16920
2318	16919
2319	16918
2320	16917
2321	16916
2322	16915
2323	16914
2324	16913
2325	16912
2326	16911
2327	16910
2328	16909
2329	16908
2330	16907
2331	16906
2332	16905
2333	16904
2334	16903
2335	16902
2336	16901
2337	16900
2338	16899
2339	16898
2340	16897
2341	16896
2342	16895
2343	16894
2344	16893
2345	16892
2346	16891
2347	16890
2348	16889
2349	16888
2350	16887
2351	16886
2352	16885
2353	16884
2354	16883
2355	16882
2356	16881
2357	16880
2358	16879
2359	16878
2360	16877
2361	16876
2362	16875
2363	16874
2364	16873
2365	16872
2366	16871
2367	16870
2368	16869
2369	16868
2370	16867
2371	16866
2372	16865
2373	16864
2374	16863
2375	16862
2376	16861
2377	16860
2378	16859
2379	16858
2380	16857
2381	16856
2382	16855
2383	16854
2384	16853
2385	16852
2386	16851
2387	16850
2388	16849
2389	16848
2390	16847
2391	16846
2392	16845
2393	16844
2394	16843
2395	16842
2396	16841
2397	16840
2398	16839
2399	16838
2400	16837
2401	16836
2402	16835
2403	16834
2404	16833
2405	16832
2406	16831
2407	16830
2408	16829
2409	16828
2410	16827
2411	16826
2412	16825
2413	16824
2414	16823
2415	16822
2416	16821
2417	16820
2418	16819
2419	16818
2420	16817
2421	16816
2422	16815
2423	16814
2424	16813
2425	16812
2426	16811
2427	16810
2428	16809
2429	16808
2430	16807
2431	16806
2432	16805
2433	16804
2434	16803
2435	16802
2436	16801
2437	16800
2438	16799
2439	16798
2440	16797
2441	16796
2442	16795
2443	16794
2444	16793
2445	16792
2446	16791
2447	16790
2448	16789
2449	16788
2450	16787
2451	16786
2452	16785
2453	16784
2454	16783
2455	16782
2456	16781
2457	16780
2458	16779
2459	16778
2460	16777
2461	16776
2462	16775
2463	16774
2464	16773
2465	16772
2466	16771
2467	16770
2468	16769
2469	16768
2470	16767
2471	16766
2472	16765
2473	16764
2474	16763
2475	16762
2476	16761
2477	16760
2478	16759
2479	16758
2480	16757
2481	16756
2482	16755
2483	16754
2484	16753
2485	16752
2486	16751
2487	16750
2488	16749
2489	16748
2490	16747
2491	16746
2492	16745
2493	16744
2494	16743
2495	16742
2496	16741
2497	16740
2498	16739
2499	16738
2500	16737
2501	16736
2502	16735
2503	16734
2504	16733
2505	16732
2506	16731
2507	16730
2508	16729
2509	16728
2510	16727
2511	16725
2512	16724
2513	16723
2514	16722
2515	16721
2516	16720
2517	16719
2518	16718
2519	16717
2520	16716
2521	16715
2522	16714
2523	16713
2524	16712
2525	16711
2526	16710
2527	16709
2528	16708
2529	16707
2530	16706
2531	16705
2532	16704
2533	16703
2534	16702
2535	16701
2536	16700
2537	16699
2538	16698
2539	16697
2540	16696
2541	16695
2542	16694
2543	16693
2544	16692
2545	16691
2546	16690
2547	16689
2548	16688
2549	16687
2550	16686
2551	16685
2552	16684
2553	16683
2554	16682
2555	16681
2556	16680
2557	16679
2558	16678
2559	16677
2560	16676
2561	16675
2562	16674
2563	16673
2564	16672
2565	16671
2566	16670
2567	16669
2568	16668
2569	16667
2570	16666
2571	16665
2572	16664
2573	16663
2574	16662
2575	16661
2576	16660
2577	16659
2578	16658
2579	16657
2580	16656
2581	16655
2582	16654
2583	16653
2584	16652
2585	16651
2586	16650
2587	16649
2588	16648
2589	16647
2590	16646
2591	16645
2592	16644
2593	16643
2594	16642
2595	16641
2596	16640
2597	16639
2598	16638
2599	16637
2600	16636
2601	16635
2602	16634
2603	16633
2604	16632
2605	16624
2606	16623
2607	16622
2608	16621
2609	16620
2610	16619
2611	16618
2612	16617
2613	16616
2614	16615
2615	16614
2616	16613
2617	16612
2618	16611
2619	16610
2620	16609
2621	16608
2622	16607
2623	16606
2624	16605
2625	16604
2626	16603
2627	16602
2628	16601
2629	16600
2630	16599
2631	16598
2632	16597
2633	16596
2634	16595
2635	16594
2636	16593
2637	16592
2638	16591
2639	16590
2640	16589
2641	16588
2642	16587
2643	16586
2644	16585
2645	16584
2646	16583
2647	16582
2648	16581
2649	16580
2650	16579
2651	16578
2652	16577
2653	16576
2654	16575
2655	16574
2656	16573
2657	16572
2658	16571
2659	16570
2660	16568
2661	16567
2662	16566
2663	16565
2664	16564
2665	16563
2666	16562
2667	16561
2668	16560
2669	16559
2670	16558
2671	16557
2672	16556
2673	16555
2674	16554
2675	16553
2676	16552
2677	16551
2678	16550
2679	16549
2680	16548
2681	16547
2682	16546
2683	16545
2684	16544
2685	16543
2686	16542
2687	16541
2688	16540
2689	16539
2690	16538
2691	16537
2692	16536
2693	16535
2694	16534
2695	16533
2696	16532
2697	16531
2698	16530
2699	16529
2700	16528
2701	16527
2702	16526
2703	16525
2704	16524
2705	16523
2706	16522
2707	16521
2708	16520
2709	16519
2710	16518
2711	16517
2712	16516
2713	16515
2714	16514
2715	16513
2716	16512
2717	16511
2718	16510
2719	16509
2720	16507
2721	16506
2722	16505
2723	16504
2724	16503
2725	16502
2726	16501
2727	16500
2728	16499
2729	16498
2730	16497
2731	16496
2732	16495
2733	16494
2734	16493
2735	16492
2736	16491
2737	16490
2738	16489
2739	16488
2740	16487
2741	16486
2742	16485
2743	16484
2744	16483
2745	16482
2746	16481
2747	16480
2748	16479
2749	16478
2750	16477
2751	16476
2752	16475
2753	16474
2754	16473
2755	16472
2756	16471
2757	16470
2758	16469
2759	16468
2760	16467
2761	16466
2762	16465
2763	16464
2764	16463
2765	16462
2766	16461
2767	16460
2768	16459
2769	16458
2770	16457
2771	16456
2772	16455
2773	16454
2774	16453
2775	16452
2776	16451
2777	16450
2778	16449
2779	16448
2780	16447
2781	16446
2782	16445
2783	16444
2784	16443
2785	16442
2786	16441
2787	16440
2788	16439
2789	16438
2790	16437
2791	16436
2792	16435
2793	16434
2794	16433
2795	16432
2796	16431
2797	16430
2798	16429
2799	16428
2800	16427
2801	16426
2802	16425
2803	16424
2804	16423
2805	16422
2806	16421
2807	16420
2808	16419
2809	16418
2810	16417
2811	16416
2812	16415
2813	16414
2814	16413
2815	16412
2816	16411
2817	16410
2818	16409
2819	16408
2820	16407
2821	16406
2822	16405
2823	16404
2824	16403
2825	16402
2826	16401
2827	16400
2828	16399
2829	16398
2830	16397
2831	16396
2832	16395
2833	16394
2834	16393
2835	16392
2836	16391
2837	16390
2838	16389
2839	16388
2840	16387
2841	16386
2842	16385
2843	16384
2844	16383
2845	16382
2846	16381
2847	16380
2848	16379
2849	16378
2850	16377
2851	16376
2852	16375
2853	16374
2854	16372
2855	16371
2856	16370
2857	16369
2858	16368
2859	16367
2860	16366
2861	16365
2862	16364
2863	16363
2864	16362
2865	16361
2866	16360
2867	16359
2868	16358
2869	16357
2870	16356
2871	16355
2872	16354
2873	16353
2874	16352
2875	16351
2876	16350
2877	16349
2878	16348
2879	16347
2880	16346
2881	16345
2882	16344
2883	16343
2884	16342
2885	16341
2886	16340
2887	16339
2888	16338
2889	16337
2890	16336
2891	16335
2892	16334
2893	16333
2894	16332
2895	16331
2896	16330
2897	16329
2898	16328
2899	16327
2900	16326
2901	16325
2902	16324
2903	16323
2904	16322
2905	16321
2906	16320
2907	16319
2908	16318
2909	16317
2910	16316
2911	16315
2912	16314
2913	16313
2914	16312
2915	16311
2916	16310
2917	16309
2918	16308
2919	16307
2920	16306
2921	16305
2922	16304
2923	16303
2924	16302
2925	16301
2926	16300
2927	16299
2928	16298
2929	16297
2930	16296
2931	16295
2932	16294
2933	16293
2934	16292
2935	16291
2936	16290
2937	16289
2938	16288
2939	16287
2940	16286
2941	16285
2942	16284
2943	16283
2944	16282
2945	16281
2946	16280
2947	16279
2948	16278
2949	16277
2950	16276
2951	16275
2952	16274
2953	16273
2954	16272
2955	16271
2956	16270
2957	16269
2958	16268
2959	16267
2960	16266
2961	16265
2962	16264
2963	16263
2964	16262
2965	16261
2966	16260
2967	16259
2968	16258
2969	16257
2970	16256
2971	16255
2972	16254
2973	16253
2974	16252
2975	16251
2976	16250
2977	16249
2978	16248
2979	16247
2980	16246
2981	16245
2982	16244
2983	16243
2984	16242
2985	16241
2986	16240
2987	16239
2988	16238
2989	16237
2990	16236
2991	16235
2992	16234
2993	16233
2994	16232
2995	16231
2996	16230
2997	16229
2998	16228
2999	16227
3000	16226
3001	16225
3002	16224
3003	16223
3004	16222
3005	16221
3006	16220
3007	16219
3008	16218
3009	16217
3010	16216
3011	16215
3012	16214
3013	16213
3014	16212
3015	16211
3016	16210
3017	16209
3018	16208
3019	16207
3020	16206
3021	16205
3022	16204
3023	16203
3024	16202
3025	16201
3026	16200
3027	16199
3028	16198
3029	16197
3030	16196
3031	16195
3032	16194
3033	16193
3034	16192
3035	16191
3036	16190
3037	16189
3038	16188
3039	16187
3040	16186
3041	16185
3042	16184
3043	16183
3044	16182
3045	16181
3046	16180
3047	16179
3048	16178
3049	16177
3050	16176
3051	16175
3052	16174
3053	16173
3054	16172
3055	16171
3056	16170
3057	16169
3058	16168
3059	16167
3060	16166
3061	16165
3062	16163
3063	16162
3064	16161
3065	16160
3066	16159
3067	16158
3068	16157
3069	16156
3070	16155
3071	16154
3072	16153
3073	16152
3074	16151
3075	16150
3076	16149
3077	16148
3078	16147
3079	16146
3080	16145
3081	16144
3082	16143
3083	16142
3084	16141
3085	16140
3086	16139
3087	16138
3088	16137
3089	16136
3090	16135
3091	16134
3092	16133
3093	16132
3094	16131
3095	16130
3096	16129
3097	16128
3098	16127
3099	16126
3100	16125
3101	16124
3102	16123
3103	16122
3104	16121
3105	16120
3106	16119
3107	16118
3108	16117
3109	16116
3110	16115
3111	16114
3112	16113
3113	16112
3114	16111
3115	16110
3116	16109
3117	16108
3118	16107
3119	16106
3120	16105
3121	16104
3122	16103
3123	16102
3124	16101
3125	16100
3126	16099
3127	16098
3128	16097
3129	16096
3130	16095
3131	16094
3132	16093
3133	16092
3134	16091
3135	16090
3136	16089
3137	16088
3138	16087
3139	16086
3140	16085
3141	16084
3142	16083
3143	16082
3144	16081
3145	16080
3146	16079
3147	16078
3148	16077
3149	16076
3150	16075
3151	16074
3152	16073
3153	16072
3154	16071
3155	16070
3156	16069
3157	16068
3158	16067
3159	16066
3160	16065
3161	16064
3162	16063
3163	16062
3164	16061
3165	16060
3166	16059
3167	16058
3168	16057
3169	16056
3170	16055
3171	16054
3172	16053
3173	16052
3174	16051
3175	16050
3176	16049
3177	16048
3178	16047
3179	16046
3180	16045
3181	16044
3182	16043
3183	16042
3184	16041
3185	16040
3186	16039
3187	16038
3188	16037
3189	16036
3190	16035
3191	16034
3192	16033
3193	16032
3194	16031
3195	16030
3196	16029
3197	16028
3198	16027
3199	16026
3200	16025
3201	16024
3202	16023
3203	16022
3204	16021
3205	16020
3206	16019
3207	16018
3208	16017
3209	16016
3210	16015
3211	16014
3212	16013
3213	16012
3214	16011
3215	16010
3216	16009
3217	16008
3218	16007
3219	16006
3220	16005
3221	16004
3222	16003
3223	16002
3224	16001
3225	16000
3226	15999
3227	15998
3228	15997
3229	15996
3230	15995
3231	15994
3232	15993
3233	15992
3234	15991
3235	15990
3236	15989
3237	15988
3238	15987
3239	15986
3240	15985
3241	15984
3242	15983
3243	15982
3244	15981
3245	15980
3246	15979
3247	15978
3248	15977
3249	15976
3250	15975
3251	15974
3252	15973
3253	15972
3254	15971
3255	15970
3256	15969
3257	15968
3258	15967
3259	15966
3260	15965
3261	15964
3262	15963
3263	15962
3264	15961
3265	15960
3266	15959
3267	15958
3268	15957
3269	15956
3270	15955
3271	15954
3272	15953
3273	15952
3274	15951
3275	15950
3276	15949
3277	15948
3278	15947
3279	15946
3280	15945
3281	15944
3282	15943
3283	15942
3284	15941
3285	15940
3286	15939
3287	15938
3288	15937
3289	15936
3290	15935
3291	15934
3292	15933
3293	15932
3294	15931
3295	15930
3296	15929
3297	15928
3298	15927
3299	15926
3300	15925
3301	15924
3302	15923
3303	15922
3304	15921
3305	15920
3306	15919
3307	15918
3308	15917
3309	15916
3310	15915
3311	15914
3312	15913
3313	15912
3314	15911
3315	15910
3316	15909
3317	15908
3318	15907
3319	15906
3320	15905
3321	15904
3322	15903
3323	15902
3324	15901
3325	15900
3326	15899
3327	15898
3328	15897
3329	15896
3330	15895
3331	15894
3332	15893
3333	15892
3334	15890
3335	15889
3336	15888
3337	15887
3338	15886
3339	15885
3340	15884
3341	15883
3342	15882
3343	15881
3344	15880
3345	15879
3346	15878
3347	15877
3348	15876
3349	15875
3350	15874
3351	15873
3352	15872
3353	15871
3354	15870
3355	15869
3356	15868
3357	15867
3358	15866
3359	15865
3360	15864
3361	15863
3362	15862
3363	15861
3364	15860
3365	15859
3366	15858
3367	15857
3368	15856
3369	15855
3370	15854
3371	15853
3372	15852
3373	15851
3374	15850
3375	15849
3376	15848
3377	15847
3378	15846
3379	15845
3380	15844
3381	15843
3382	15842
3383	15841
3384	15840
3385	15839
3386	15838
3387	15837
3388	15836
3389	15835
3390	15834
3391	15833
3392	15832
3393	15831
3394	15830
3395	15829
3396	15828
3397	15827
3398	15826
3399	15825
3400	15824
3401	15823
3402	15822
3403	15821
3404	15820
3405	15819
3406	15818
3407	15817
3408	15816
3409	15815
3410	15814
3411	15813
3412	15812
3413	15811
3414	15810
3415	15809
3416	15808
3417	15807
3418	15806
3419	15805
3420	15804
3421	15803
3422	15802
3423	15801
3424	15800
3425	15799
3426	15798
3427	15797
3428	15796
3429	15795
3430	15794
3431	15793
3432	15792
3433	15791
3434	15790
3435	15788
3436	15787
3437	15786
3438	15785
3439	15784
3440	15783
3441	15782
3442	15781
3443	15780
3444	15779
3445	15778
3446	15777
3447	15776
3448	15775
3449	15774
3450	15773
3451	15772
3452	15771
3453	15770
3454	15769
3455	15768
3456	15767
3457	15766
3458	15765
3459	15764
3460	15763
3461	15762
3462	15761
3463	15760
3464	15759
3465	15758
3466	15757
3467	15756
3468	15755
3469	15754
3470	15753
3471	15752
3472	15751
3473	15750
3474	15749
3475	15748
3476	15747
3477	15746
3478	15745
3479	15744
3480	15743
3481	15742
3482	15741
3483	15740
3484	15739
3485	15738
3486	15737
3487	15736
3488	15735
3489	15734
3490	15733
3491	15732
3492	15731
3493	15730
3494	15729
3495	15728
3496	15727
3497	15726
3498	15725
3499	15724
3500	15723
3501	15722
3502	15721
3503	15720
3504	15719
3505	15718
3506	15717
3507	15716
3508	15715
3509	15714
3510	15713
3511	15712
3512	15711
3513	15710
3514	15709
3515	15708
3516	15707
3517	15706
3518	15705
3519	15704
3520	15703
3521	15702
3522	15701
3523	15700
3524	15699
3525	15698
3526	15697
3527	15696
3528	15695
3529	15694
3530	15693
3531	15692
3532	15691
3533	15690
3534	15689
3535	15688
3536	15687
3537	15686
3538	15685
3539	15684
3540	15683
3541	15682
3542	15681
3543	15680
3544	15679
3545	15678
3546	15677
3547	15676
3548	15675
3549	15674
3550	15673
3551	15672
3552	15671
3553	15670
3554	15669
3555	15668
3556	15667
3557	15666
3558	15665
3559	15664
3560	15663
3561	15662
3562	15661
3563	15660
3564	15659
3565	15658
3566	15657
3567	15656
3568	15655
3569	15654
3570	15653
3571	15652
3572	15651
3573	15650
3574	15649
3575	15648
3576	15647
3577	15646
3578	15645
3579	15644
3580	15643
3581	15642
3582	15641
3583	15640
3584	15639
3585	15638
3586	15637
3587	15636
3588	15635
3589	15634
3590	15633
3591	15632
3592	15631
3593	15630
3594	15629
3595	15628
3596	15627
3597	15626
3598	15625
3599	15624
3600	15623
3601	15622
3602	15621
3603	15620
3604	15619
3605	15618
3606	15617
3607	15616
3608	15615
3609	15614
3610	15613
3611	15612
3612	15611
3613	15610
3614	15609
3615	15608
3616	15607
3617	15606
3618	15605
3619	15604
3620	15603
3621	15602
3622	15601
3623	15600
3624	15599
3625	15598
3626	15597
3627	15596
3628	15595
3629	15594
3630	15593
3631	15592
3632	15591
3633	15590
3634	15589
3635	15588
3636	15587
3637	15586
3638	15585
3639	15584
3640	15583
3641	15582
3642	15581
3643	15580
3644	15579
3645	15578
3646	15577
3647	15576
3648	15575
3649	15574
3650	15573
3651	15572
3652	15571
3653	15570
3654	15569
3655	15568
3656	15567
3657	15566
3658	15565
3659	15564
3660	15563
3661	15562
3662	15561
3663	15560
3664	15559
3665	15558
3666	15557
3667	15556
3668	15555
3669	15554
3670	15553
3671	15552
3672	15551
3673	15550
3674	15549
3675	15548
3676	15547
3677	15546
3678	15545
3679	15544
3680	15543
3681	15542
3682	15541
3683	15540
3684	15539
3685	15538
3686	15537
3687	15536
3688	15535
3689	15534
3690	15533
3691	15532
3692	15531
3693	15530
3694	15529
3695	15528
3696	15527
3697	15526
3698	15525
3699	15524
3700	15523
3701	15522
3702	15521
3703	15520
3704	15519
3705	15518
3706	15517
3707	15516
3708	15515
3709	15514
3710	15513
3711	15512
3712	15511
3713	15510
3714	15509
3715	15508
3716	15507
3717	15506
3718	15505
3719	15504
3720	15503
3721	15502
3722	15501
3723	15500
3724	15499
3725	15498
3726	15497
3727	15496
3728	15495
3729	15494
3730	15493
3731	15492
3732	15491
3733	15490
3734	15489
3735	15488
3736	15487
3737	15486
3738	15485
3739	15484
3740	15483
3741	15482
3742	15481
3743	15480
3744	15479
3745	15478
3746	15477
3747	15476
3748	15475
3749	15474
3750	15473
3751	15472
3752	15471
3753	15470
3754	15469
3755	15468
3756	15467
3757	15466
3758	15465
3759	15464
3760	15463
3761	15462
3762	15461
3763	15460
3764	15459
3765	15458
3766	15457
3767	15456
3768	15455
3769	15454
3770	15453
3771	15452
3772	15451
3773	15450
3774	15449
3775	15448
3776	15447
3777	15446
3778	15445
3779	15444
3780	15443
3781	15442
3782	15441
3783	15440
3784	15439
3785	15438
3786	15437
3787	15436
3788	15435
3789	15434
3790	15433
3791	15432
3792	15431
3793	15430
3794	15429
3795	15428
3796	15427
3797	15426
3798	15425
3799	15424
3800	15423
3801	15422
3802	15421
3803	15420
3804	15419
3805	15418
3806	15417
3807	15416
3808	15415
3809	15414
3810	15413
3811	15412
3812	15411
3813	15410
3814	15409
3815	15408
3816	15407
3817	15406
3818	15405
3819	15404
3820	15403
3821	15402
3822	15401
3823	15400
3824	15399
3825	15398
3826	15397
3827	15396
3828	15395
3829	15394
3830	15393
3831	15392
3832	15391
3833	15390
3834	15389
3835	15388
3836	15387
3837	15386
3838	15385
3839	15384
3840	15383
3841	15382
3842	15381
3843	15380
3844	15379
3845	15378
3846	15377
3847	15376
3848	15375
3849	15374
3850	15373
3851	15372
3852	15371
3853	15370
3854	15369
3855	15368
3856	15367
3857	15366
3858	15365
3859	15364
3860	15363
3861	15362
3862	15361
3863	15360
3864	15359
3865	15358
3866	15357
3867	15356
3868	15355
3869	15354
3870	15353
3871	15352
3872	15351
3873	15350
3874	15349
3875	15348
3876	15347
3877	15346
3878	15345
3879	15344
3880	15343
3881	15342
3882	15341
3883	15340
3884	15339
3885	15338
3886	15337
3887	15336
3888	15335
3889	15334
3890	15333
3891	15332
3892	15331
3893	15330
3894	15329
3895	15328
3896	15327
3897	15326
3898	15325
3899	15324
3900	15323
3901	15322
3902	15321
3903	15320
3904	15319
3905	15318
3906	15317
3907	15316
3908	15315
3909	15314
3910	15313
3911	15312
3912	15311
3913	15310
3914	15309
3915	15308
3916	15307
3917	15306
3918	15305
3919	15304
3920	15303
3921	15302
3922	15301
3923	15300
3924	15299
3925	15298
3926	15297
3927	15296
3928	15295
3929	15294
3930	15293
3931	15292
3932	15291
3933	15290
3934	15289
3935	15288
3936	15287
3937	15286
3938	15285
3939	15284
3940	15283
3941	15282
3942	15281
3943	15280
3944	15279
3945	15278
3946	15277
3947	15276
3948	15275
3949	15274
3950	15273
3951	15266
3952	15265
3953	15214
3954	15213
3955	15212
3956	15211
3957	15210
3958	15209
3959	15208
3960	15207
3961	15206
3962	15205
3963	15204
3964	15203
3965	15202
3966	15201
3967	15200
3968	15199
3969	15198
3970	15197
3971	15196
3972	15195
3973	15194
3974	15193
3975	15192
3976	15191
3977	15190
3978	15189
3979	15188
3980	15187
3981	15186
3982	15185
3983	15184
3984	15183
3985	15182
3986	15181
3987	15180
3988	15179
3989	15178
3990	15177
3991	15176
3992	15175
3993	15174
3994	15173
3995	15172
3996	15171
3997	15170
3998	15169
3999	15168
4000	15167
4001	15166
4002	15165
4003	15164
4004	15163
4005	15162
4006	15161
4007	15160
4008	15159
4009	15158
4010	15157
4011	15156
4012	15155
4013	15154
4014	15153
4015	15152
4016	15151
4017	15150
4018	15149
4019	15148
4020	15147
4021	15146
4022	15145
4023	15144
4024	15143
4025	15142
4026	15141
4027	15140
4028	15139
4029	15138
4030	15137
4031	15136
4032	15135
4033	15134
4034	15133
4035	15132
4036	15131
4037	15130
4038	15129
4039	15128
4040	15127
4041	15126
4042	15125
4043	15124
4044	15123
4045	15122
4046	15121
4047	15120
4048	15119
4049	15118
4050	15117
4051	15116
4052	15115
4053	15114
4054	15113
4055	15112
4056	15111
4057	15110
4058	15109
4059	15108
4060	15107
4061	15106
4062	15105
4063	15104
4064	15103
4065	15102
4066	15101
4067	15100
4068	15099
4069	15098
4070	15097
4071	15096
4072	15095
4073	15094
4074	15093
4075	15092
4076	15091
4077	15090
4078	15089
4079	15088
4080	15087
4081	15086
4082	15085
4083	15084
4084	15083
4085	15082
4086	15081
4087	15080
4088	15079
4089	15078
4090	15077
4091	15076
4092	15075
4093	15074
4094	15073
4095	15072
4096	15071
4097	15070
4098	15069
4099	15068
4100	15067
4101	15066
4102	15065
4103	15064
4104	15063
4105	15062
4106	15061
4107	15060
4108	15059
4109	15058
4110	15057
4111	15056
4112	15055
4113	15054
4114	15053
4115	15052
4116	15051
4117	15050
4118	15049
4119	15048
4120	15047
4121	15045
4122	15044
4123	15043
4124	15042
4125	15041
4126	15040
4127	15039
4128	15038
4129	15037
4130	15036
4131	15035
4132	15034
4133	15033
4134	15032
4135	15031
4136	15030
4137	15029
4138	15028
4139	15027
4140	15026
4141	15025
4142	15024
4143	15023
4144	15022
4145	15021
4146	15020
4147	15019
4148	15018
4149	15017
4150	15016
4151	15015
4152	15014
4153	15013
4154	15012
4155	15011
4156	15010
4157	15009
4158	15008
4159	15007
4160	15006
4161	15005
4162	15004
4163	15003
4164	15002
4165	15001
4166	15000
4167	14999
4168	14998
4169	14997
4170	14996
4171	14995
4172	14994
4173	14993
4174	14992
4175	14991
4176	14990
4177	14989
4178	14988
4179	14987
4180	14986
4181	14985
4182	14984
4183	14983
4184	14982
4185	14981
4186	14980
4187	14979
4188	14978
4189	14977
4190	14976
4191	14975
4192	14974
4193	14973
4194	14972
4195	14971
4196	14970
4197	14969
4198	14968
4199	14967
4200	14965
4201	14964
4202	14963
4203	14962
4204	14961
4205	14960
4206	14959
4207	14958
4208	14957
4209	14956
4210	14955
4211	14954
4212	14953
4213	14952
4214	14951
4215	14950
4216	14949
4217	14948
4218	14947
4219	14946
4220	14945
4221	14944
4222	14943
4223	14942
4224	14941
4225	14940
4226	14939
4227	14938
4228	14936
4229	14935
4230	14934
4231	14933
4232	14932
4233	14931
4234	14930
4235	14929
4236	14928
4237	14927
4238	14926
4239	14925
4240	14924
4241	14923
4242	14922
4243	14921
4244	14920
4245	14919
4246	14918
4247	14917
4248	14916
4249	14915
4250	14914
4251	14913
4252	14912
4253	14911
4254	14910
4255	14909
4256	14908
4257	14907
4258	14906
4259	14905
4260	14904
4261	14903
4262	14902
4263	14901
4264	14900
4265	14899
4266	14897
4267	14896
4268	14895
4269	14894
4270	14893
4271	14892
4272	14891
4273	14888
4274	14887
4275	14886
4276	14885
4277	14884
4278	14881
4279	14880
4280	14879
4281	14878
4282	14877
4283	14876
4284	14875
4285	14874
4286	14873
4287	14872
4288	14871
4289	14870
4290	14869
4291	14868
4292	14867
4293	14866
4294	14865
4295	14864
4296	14863
4297	14862
4298	14861
4299	14860
4300	14859
4301	14858
4302	14857
4303	14856
4304	14855
4305	14854
4306	14853
4307	14852
4308	14851
4309	14850
4310	14849
4311	14848
4312	14847
4313	14846
4314	14845
4315	14844
4316	14843
4317	14842
4318	14841
4319	14840
4320	14839
4321	14838
4322	14837
4323	14836
4324	14835
4325	14834
4326	14833
4327	14832
4328	14831
4329	14830
4330	14829
4331	14828
4332	14827
4333	14826
4334	14825
4335	14824
4336	14823
4337	14822
4338	14821
4339	14820
4340	14819
4341	14818
4342	14817
4343	14816
4344	14815
4345	14814
4346	14813
4347	14812
4348	14811
4349	14810
4350	14809
4351	14808
4352	14807
4353	14806
4354	14805
4355	14804
4356	14803
4357	14802
4358	14801
4359	14800
4360	14799
4361	14798
4362	14797
4363	14796
4364	14795
4365	14794
4366	14793
4367	14792
4368	14791
4369	14790
4370	14789
4371	14788
4372	14787
4373	14786
4374	14785
4375	14784
4376	14783
4377	14782
4378	14781
4379	14780
4380	14778
4381	14777
4382	14776
4383	14775
4384	14774
4385	14773
4386	14772
4387	14771
4388	14770
4389	14769
4390	14768
4391	14767
4392	14766
4393	14765
4394	14764
4395	14763
4396	14762
4397	14761
4398	14760
4399	14759
4400	14758
4401	14757
4402	14756
4403	14755
4404	14754
4405	14753
4406	14752
4407	14751
4408	14750
4409	14749
4410	14748
4411	14747
4412	14746
4413	14745
4414	14744
4415	14743
4416	14742
4417	14741
4418	14740
4419	14739
4420	14738
4421	14737
4422	14736
4423	14735
4424	14734
4425	14733
4426	14732
4427	14731
4428	14730
4429	14729
4430	14728
4431	14727
4432	14726
4433	14725
4434	14724
4435	14723
4436	14722
4437	14721
4438	14720
4439	14719
4440	14718
4441	14717
4442	14716
4443	14715
4444	14714
4445	14713
4446	14712
4447	14711
4448	14710
4449	14709
4450	14708
4451	14707
4452	14706
4453	14705
4454	14704
4455	14703
4456	14702
4457	14701
4458	14700
4459	14699
4460	14698
4461	14697
4462	14696
4463	14695
4464	14694
4465	14693
4466	14692
4467	14691
4468	14690
4469	14689
4470	14688
4471	14687
4472	14686
4473	14685
4474	14684
4475	14683
4476	14682
4477	14681
4478	14680
4479	14679
4480	14678
4481	14677
4482	14676
4483	14675
4484	14674
4485	14673
4486	14672
4487	14671
4488	14670
4489	14669
4490	14668
4491	14667
4492	14666
4493	14665
4494	14664
4495	14663
4496	14662
4497	14661
4498	14660
4499	14659
4500	14658
4501	14657
4502	14656
4503	14655
4504	14654
4505	14653
4506	14652
4507	14651
4508	14650
4509	14649
4510	14648
4511	14647
4512	14646
4513	14645
4514	14644
4515	14643
4516	14642
4517	14641
4518	14640
4519	14639
4520	14638
4521	14637
4522	14636
4523	14635
4524	14634
4525	14633
4526	14632
4527	14631
4528	14630
4529	14629
4530	14628
4531	14627
4532	14626
4533	14625
4534	14624
4535	14623
4536	14622
4537	14620
4538	14619
4539	14618
4540	14617
4541	14616
4542	14615
4543	14614
4544	14613
4545	14612
4546	14611
4547	14610
4548	14609
4549	14608
4550	14607
4551	14606
4552	14605
4553	14604
4554	14603
4555	14602
4556	14601
4557	14600
4558	14599
4559	14598
4560	14597
4561	14596
4562	14595
4563	14594
4564	14593
4565	14592
4566	14591
4567	14590
4568	14589
4569	14588
4570	14587
4571	14586
4572	14585
4573	14584
4574	14583
4575	14581
4576	14580
4577	14579
4578	14578
4579	14577
4580	14576
4581	14575
4582	14574
4583	14573
4584	14572
4585	14571
4586	14570
4587	14569
4588	14568
4589	14567
4590	14566
4591	14565
4592	14564
4593	14563
4594	14562
4595	14561
4596	14560
4597	14559
4598	14558
4599	14557
4600	14556
4601	14555
4602	14554
4603	14553
4604	14552
4605	14551
4606	14550
4607	14549
4608	14548
4609	14547
4610	14546
4611	14545
4612	14544
4613	14543
4614	14542
4615	14541
4616	14540
4617	14539
4618	14538
4619	14537
4620	14536
4621	14535
4622	14534
4623	14533
4624	14532
4625	14531
4626	14530
4627	14529
4628	14528
4629	14527
4630	14526
4631	14525
4632	14524
4633	14523
4634	14522
4635	14521
4636	14520
4637	14519
4638	14518
4639	14517
4640	14516
4641	14515
4642	14514
4643	14513
4644	14512
4645	14511
4646	14510
4647	14509
4648	14508
4649	14507
4650	14506
4651	14505
4652	14504
4653	14503
4654	14502
4655	14501
4656	14500
4657	14499
4658	14498
4659	14497
4660	14495
4661	14494
4662	14493
4663	14492
4664	14491
4665	14490
4666	14489
4667	14488
4668	14487
4669	14486
4670	14485
4671	14484
4672	14483
4673	14482
4674	14481
4675	14480
4676	14479
4677	14478
4678	14477
4679	14476
4680	14475
4681	14474
4682	14473
4683	14472
4684	14471
4685	14470
4686	14469
4687	14468
4688	14467
4689	14466
4690	14465
4691	14464
4692	14463
4693	14462
4694	14461
4695	14460
4696	14459
4697	14458
4698	14457
4699	14456
4700	14455
4701	14454
4702	14453
4703	14452
4704	14451
4705	14450
4706	14449
4707	14448
4708	14447
4709	14446
4710	14445
4711	14444
4712	14443
4713	14442
4714	14441
4715	14440
4716	14439
4717	14438
4718	14437
4719	14436
4720	14435
4721	14434
4722	14433
4723	14432
4724	14431
4725	14430
4726	14429
4727	14428
4728	14427
4729	14425
4730	14424
4731	14423
4732	14422
4733	14421
4734	14420
4735	14419
4736	14418
4737	14417
4738	14416
4739	14415
4740	14414
4741	14413
4742	14412
4743	14411
4744	14410
4745	14409
4746	14408
4747	14407
4748	14406
4749	14405
4750	14404
4751	14403
4752	14402
4753	14401
4754	14400
4755	14399
4756	14398
4757	14397
4758	14396
4759	14395
4760	14394
4761	14393
4762	14392
4763	14391
4764	14390
4765	14389
4766	14387
4767	14386
4768	14385
4769	14384
4770	14383
4771	14382
4772	14381
4773	14380
4774	14379
4775	14378
4776	14377
4777	14376
4778	14375
4779	14374
4780	14373
4781	14372
4782	14371
4783	14370
4784	14369
4785	14368
4786	14367
4787	14366
4788	14365
4789	14364
4790	14363
4791	14362
4792	14361
4793	14360
4794	14359
4795	14358
4796	14357
4797	14356
4798	14355
4799	14354
4800	14353
4801	14352
4802	14351
4803	14350
4804	14349
4805	14348
4806	14347
4807	14346
4808	14345
4809	14344
4810	14343
4811	14342
4812	14341
4813	14340
4814	14339
4815	14338
4816	14337
4817	14336
4818	14335
4819	14334
4820	14333
4821	14332
4822	14331
4823	14330
4824	14329
4825	14328
4826	14327
4827	14326
4828	14325
4829	14324
4830	14323
4831	14322
4832	14321
4833	14320
4834	14319
4835	14318
4836	14317
4837	14316
4838	14315
4839	14314
4840	14313
4841	14312
4842	14311
4843	14310
4844	14309
4845	14308
4846	14307
4847	14306
4848	14305
4849	14304
4850	14303
4851	14302
4852	14301
4853	14300
4854	14299
4855	14298
4856	14297
4857	14296
4858	14295
4859	14294
4860	14293
4861	14292
4862	14291
4863	14290
4864	14289
4865	14288
4866	14287
4867	14286
4868	14285
4869	14284
4870	14283
4871	14282
4872	14281
4873	14280
4874	14279
4875	14278
4876	14277
4877	14276
4878	14275
4879	14274
4880	14273
4881	14272
4882	14271
4883	14270
4884	14269
4885	14268
4886	14267
4887	14266
4888	14265
4889	14264
4890	14263
4891	14262
4892	14261
4893	14260
4894	14259
4895	14258
4896	14257
4897	14256
4898	14255
4899	14254
4900	14253
4901	14252
4902	14251
4903	14250
4904	14249
4905	14248
4906	14247
4907	14246
4908	14245
4909	14244
4910	14243
4911	14242
4912	14241
4913	14240
4914	14239
4915	14238
4916	14237
4917	14236
4918	14235
4919	14234
4920	14233
4921	14232
4922	14231
4923	14230
4924	14229
4925	14228
4926	14227
4927	14226
4928	14225
4929	14224
4930	14223
4931	14222
4932	14221
4933	14220
4934	14219
4935	14218
4936	14217
4937	14216
4938	14215
4939	14214
4940	14213
4941	14212
4942	14211
4943	14210
4944	14209
4945	14208
4946	14207
4947	14206
4948	14205
4949	14204
4950	14203
4951	14202
4952	14201
4953	14200
4954	14199
4955	14198
4956	14197
4957	14196
4958	14195
4959	14194
4960	14193
4961	14192
4962	14191
4963	14190
4964	14189
4965	14188
4966	14187
4967	14186
4968	14185
4969	14184
4970	14183
4971	14182
4972	14181
4973	14180
4974	14179
4975	14178
4976	14177
4977	14176
4978	14175
4979	14174
4980	14173
4981	14172
4982	14171
4983	14170
4984	14169
4985	14168
4986	14167
4987	14166
4988	14165
4989	14164
4990	14163
4991	14162
4992	14161
4993	14160
4994	14159
4995	14158
4996	14157
4997	14156
4998	14155
4999	14154
5000	14153
5001	14152
5002	14151
5003	14150
5004	14149
5005	14148
5006	14147
5007	14146
5008	14145
5009	14144
5010	14143
5011	14142
5012	14141
5013	14140
5014	14139
5015	14138
5016	14137
5017	14136
5018	14135
5019	14134
5020	14133
5021	14132
5022	14131
5023	14130
5024	14129
5025	14128
5026	14127
5027	14126
5028	14125
5029	14124
5030	14123
5031	14122
5032	14121
5033	14120
5034	14119
5035	14118
5036	14117
5037	14116
5038	14115
5039	14114
5040	14113
5041	14112
5042	14111
5043	14110
5044	14109
5045	14108
5046	14107
5047	14106
5048	14105
5049	14104
5050	14103
5051	14102
5052	14101
5053	14100
5054	14099
5055	14098
5056	14097
5057	14096
5058	14095
5059	14094
5060	14093
5061	14092
5062	14091
5063	14090
5064	14089
5065	14088
5066	14087
5067	14086
5068	14085
5069	14084
5070	14083
5071	14082
5072	14081
5073	14080
5074	14079
5075	14078
5076	14077
5077	14076
5078	14075
5079	14074
5080	14073
5081	14072
5082	14071
5083	14070
5084	14069
5085	14068
5086	14067
5087	14066
5088	14065
5089	14064
5090	14063
5091	14062
5092	14061
5093	14060
5094	14059
5095	14058
5096	14056
5097	14055
5098	14054
5099	14053
5100	14052
5101	14051
5102	14050
5103	14049
5104	14048
5105	14047
5106	14046
5107	14045
5108	14044
5109	14043
5110	14042
5111	14041
5112	14040
5113	14039
5114	14038
5115	14037
5116	14036
5117	14035
5118	14034
5119	14033
5120	14032
5121	14030
5122	14029
5123	14028
5124	14027
5125	14026
5126	14025
5127	14024
5128	14023
5129	14022
5130	14021
5131	14020
5132	14019
5133	14018
5134	14017
5135	14016
5136	14015
5137	14014
5138	14013
5139	14012
5140	14011
5141	14010
5142	14009
5143	14008
5144	14007
5145	14006
5146	14005
5147	14004
5148	14003
5149	14002
5150	14001
5151	13999
5152	13998
5153	13997
5154	13996
5155	13995
5156	13994
5157	13993
5158	13992
5159	13991
5160	13990
5161	13989
5162	13988
5163	13987
5164	13986
5165	13985
5166	13984
5167	13983
5168	13982
5169	13981
5170	13980
5171	13979
5172	13978
5173	13977
5174	13976
5175	13975
5176	13974
5177	13973
5178	13972
5179	13971
5180	13970
5181	13969
5182	13968
5183	13967
5184	13966
5185	13965
5186	13964
5187	13963
5188	13962
5189	13961
5190	13960
5191	13959
5192	13958
5193	13957
5194	13956
5195	13955
5196	13954
5197	13953
5198	13952
5199	13951
5200	13950
5201	13949
5202	13948
5203	13947
5204	13946
5205	13945
5206	13944
5207	13943
5208	13942
5209	13941
5210	13940
5211	13939
5212	13938
5213	13937
5214	13936
5215	13935
5216	13934
5217	13933
5218	13932
5219	13931
5220	13930
5221	13929
5222	13928
5223	13927
5224	13926
5225	13925
5226	13924
5227	13923
5228	13922
5229	13921
5230	13920
5231	13919
5232	13918
5233	13917
5234	13916
5235	13915
5236	13914
5237	13913
5238	13912
5239	13911
5240	13910
5241	13909
5242	13908
5243	13907
5244	13906
5245	13904
5246	13903
5247	13902
5248	13901
5249	13900
5250	13899
5251	13898
5252	13897
5253	13896
5254	13895
5255	13894
5256	13893
5257	13892
5258	13891
5259	13890
5260	13889
5261	13888
5262	13887
5263	13886
5264	13885
5265	13884
5266	13883
5267	13882
5268	13881
5269	13880
5270	13879
5271	13878
5272	13877
5273	13876
5274	13875
5275	13874
5276	13873
5277	13872
5278	13871
5279	13870
5280	13869
5281	13868
5282	13867
5283	13866
5284	13865
5285	13864
5286	13863
5287	13862
5288	13861
5289	13860
5290	13859
5291	13858
5292	13857
5293	13856
5294	13855
5295	13854
5296	13853
5297	13852
5298	13851
5299	13850
5300	13849
5301	13848
5302	13847
5303	13846
5304	13845
5305	13844
5306	13843
5307	13842
5308	13840
5309	13839
5310	13838
5311	13837
5312	13836
5313	13835
5314	13834
5315	13833
5316	13832
5317	13831
5318	13830
5319	13829
5320	13828
5321	13827
5322	13826
5323	13825
5324	13824
5325	13823
5326	13822
5327	13821
5328	13820
5329	13819
5330	13818
5331	13817
5332	13816
5333	13815
5334	13814
5335	13813
5336	13812
5337	13811
5338	13810
5339	13809
5340	13808
5341	13807
5342	13806
5343	13805
5344	13804
5345	13803
5346	13802
5347	13801
5348	13800
5349	13799
5350	13798
5351	13797
5352	13796
5353	13795
5354	13794
5355	13793
5356	13792
5357	13791
5358	13790
5359	13789
5360	13788
5361	13787
5362	13786
5363	13785
5364	13784
5365	13783
5366	13782
5367	13780
5368	13779
5369	13778
5370	13777
5371	13776
5372	13775
5373	13774
5374	13773
5375	13772
5376	13771
5377	13770
5378	13769
5379	13768
5380	13767
5381	13766
5382	13765
5383	13764
5384	13763
5385	13762
5386	13761
5387	13760
5388	13759
5389	13758
5390	13757
5391	13756
5392	13755
5393	13754
5394	13753
5395	13752
5396	13751
5397	13750
5398	13749
5399	13748
5400	13747
5401	13746
5402	13745
5403	13744
5404	13743
5405	13742
5406	13741
5407	13740
5408	13739
5409	13738
5410	13737
5411	13736
5412	13734
5413	13733
5414	13732
5415	13731
5416	13730
5417	13729
5418	13728
5419	13727
5420	13726
5421	13725
5422	13724
5423	13723
5424	13722
5425	13721
5426	13720
5427	13719
5428	13718
5429	13717
5430	13716
5431	13715
5432	13714
5433	13713
5434	13712
5435	13711
5436	13710
5437	13709
5438	13708
5439	13707
5440	13706
5441	13705
5442	13704
5443	13703
5444	13702
5445	13701
5446	13700
5447	13699
5448	13698
5449	13697
5450	13696
5451	13695
5452	13694
5453	13693
5454	13692
5455	13691
5456	13690
5457	13689
5458	13688
5459	13687
5460	13686
5461	13685
5462	13684
5463	13683
5464	13682
5465	13681
5466	13680
5467	13679
5468	13678
5469	13677
5470	13676
5471	13675
5472	13674
5473	13673
5474	13672
5475	13671
5476	13670
5477	13669
5478	13668
5479	13667
5480	13666
5481	13665
5482	13664
5483	13663
5484	13662
5485	13661
5486	13660
5487	13659
5488	13658
5489	13657
5490	13656
5491	13655
5492	13654
5493	13653
5494	13652
5495	13651
5496	13650
5497	13649
5498	13648
5499	13647
5500	13646
5501	13645
5502	13644
5503	13643
5504	13642
5505	13641
5506	13640
5507	13639
5508	13638
5509	13637
5510	13636
5511	13635
5512	13634
5513	13633
5514	13632
5515	13631
5516	13630
5517	13629
5518	13628
5519	13627
5520	13626
5521	13625
5522	13624
5523	13623
5524	13622
5525	13621
5526	13620
5527	13619
5528	13618
5529	13617
5530	13616
5531	13615
5532	13614
5533	13613
5534	13612
5535	13611
5536	13610
5537	13609
5538	13608
5539	13607
5540	13606
5541	13605
5542	13604
5543	13603
5544	13602
5545	13601
5546	13600
5547	13599
5548	13598
5549	13597
5550	13596
5551	13595
5552	13594
5553	13593
5554	13592
5555	13591
5556	13590
5557	13589
5558	13588
5559	13587
5560	13586
5561	13585
5562	13584
5563	13583
5564	13582
5565	13581
5566	13580
5567	13579
5568	13578
5569	13577
5570	13576
5571	13575
5572	13574
5573	13573
5574	13572
5575	13571
5576	13570
5577	13569
5578	13568
5579	13567
5580	13566
5581	13565
5582	13564
5583	13563
5584	13562
5585	13561
5586	13560
5587	13559
5588	13558
5589	13557
5590	13556
5591	13555
5592	13554
5593	13553
5594	13552
5595	13551
5596	13550
5597	13549
5598	13548
5599	13547
5600	13546
5601	13545
5602	13544
5603	13543
5604	13542
5605	13541
5606	13540
5607	13539
5608	13538
5609	13537
5610	13536
5611	13535
5612	13534
5613	13533
5614	13532
5615	13531
5616	13530
5617	13529
5618	13528
5619	13527
5620	13526
5621	13525
5622	13524
5623	13523
5624	13522
5625	13521
5626	13520
5627	13519
5628	13518
5629	13517
5630	13516
5631	13515
5632	13514
5633	13513
5634	13512
5635	13511
5636	13510
5637	13509
5638	13508
5639	13507
5640	13506
5641	13505
5642	13504
5643	13503
5644	13502
5645	13501
5646	13500
5647	13499
5648	13498
5649	13497
5650	13496
5651	13495
5652	13494
5653	13493
5654	13492
5655	13491
5656	13490
5657	13489
5658	13488
5659	13487
5660	13486
5661	13485
5662	13484
5663	13481
5664	13480
5665	13479
5666	13478
5667	13477
5668	13476
5669	13475
5670	13474
5671	13473
5672	13472
5673	13471
5674	13470
5675	13469
5676	13468
5677	13467
5678	13466
5679	13465
5680	13464
5681	13463
5682	13462
5683	13461
5684	13460
5685	13459
5686	13458
5687	13457
5688	13456
5689	13455
5690	13454
5691	13453
5692	13452
5693	13451
5694	13450
5695	13449
5696	13448
5697	13447
5698	13446
5699	13445
5700	13444
5701	13443
5702	13442
5703	13441
5704	13440
5705	13439
5706	13438
5707	13437
5708	13436
5709	13435
5710	13434
5711	13433
5712	13432
5713	13431
5714	13430
5715	13429
5716	13428
5717	13427
5718	13426
5719	13425
5720	13424
5721	13423
5722	13422
5723	13421
5724	13420
5725	13419
5726	13418
5727	13417
5728	13416
5729	13415
5730	13414
5731	13413
5732	13412
5733	13411
5734	13410
5735	13409
5736	13408
5737	13407
5738	13406
5739	13405
5740	13404
5741	13403
5742	13402
5743	13401
5744	13400
5745	13399
5746	13398
5747	13397
5748	13396
5749	13395
5750	13394
5751	13393
5752	13392
5753	13391
5754	13390
5755	13389
5756	13388
5757	13387
5758	13386
5759	13385
5760	13384
5761	13383
5762	13382
5763	13381
5764	13380
5765	13379
5766	13378
5767	13377
5768	13376
5769	13375
5770	13374
5771	13373
5772	13372
5773	13371
5774	13370
5775	13369
5776	13368
5777	13367
5778	13366
5779	13365
5780	13364
5781	13363
5782	13362
5783	13361
5784	13360
5785	13359
5786	13358
5787	13357
5788	13356
5789	13355
5790	13354
5791	13353
5792	13352
5793	13351
5794	13350
5795	13349
5796	13348
5797	13347
5798	13346
5799	13345
5800	13344
5801	13343
5802	13342
5803	13341
5804	13340
5805	13339
5806	13338
5807	13337
5808	13336
5809	13335
5810	13334
5811	13333
5812	13332
5813	13331
5814	13330
5815	13329
5816	13328
5817	13327
5818	13326
5819	13325
5820	13324
5821	13323
5822	13322
5823	13321
5824	13320
5825	13319
5826	13318
5827	13317
5828	13316
5829	13314
5830	13313
5831	13312
5832	13311
5833	13310
5834	13309
5835	13308
5836	13307
5837	13306
5838	13305
5839	13304
5840	13303
5841	13302
5842	13301
5843	13300
5844	13299
5845	13298
5846	13297
5847	13296
5848	13295
5849	13294
5850	13293
5851	13292
5852	13291
5853	13290
5854	13289
5855	13288
5856	13287
5857	13286
5858	13285
5859	13284
5860	13283
5861	13282
5862	13281
5863	13280
5864	13279
5865	13278
5866	13277
5867	13276
5868	13275
5869	13274
5870	13273
5871	13272
5872	13271
5873	13270
5874	13269
5875	13268
5876	13267
5877	13266
5878	13265
5879	13264
5880	13263
5881	13262
5882	13261
5883	13260
5884	13259
5885	13258
5886	13257
5887	13256
5888	13255
5889	13254
5890	13253
5891	13252
5892	13251
5893	13250
5894	13249
5895	13248
5896	13247
5897	13246
5898	13245
5899	13244
5900	13243
5901	13242
5902	13241
5903	13240
5904	13239
5905	13238
5906	13237
5907	13236
5908	13235
5909	13234
5910	13233
5911	13232
5912	13231
5913	13230
5914	13229
5915	13228
5916	13227
5917	13226
5918	13225
5919	13224
5920	13223
5921	13222
5922	13221
5923	13220
5924	13219
5925	13218
5926	13217
5927	13216
5928	13215
5929	13214
5930	13213
5931	13212
5932	13211
5933	13210
5934	13209
5935	13208
5936	13207
5937	13206
5938	13205
5939	13204
5940	13203
5941	13202
5942	13201
5943	13200
5944	13199
5945	13198
5946	13197
5947	13196
5948	13195
5949	13194
5950	13193
5951	13192
5952	13191
5953	13190
5954	13189
5955	13188
5956	13187
5957	13186
5958	13185
5959	13184
5960	13183
5961	13182
5962	13181
5963	13180
5964	13179
5965	13178
5966	13177
5967	13176
5968	13175
5969	13174
5970	13173
5971	13172
5972	13171
5973	13170
5974	13169
5975	13168
5976	13167
5977	13166
5978	13165
5979	13164
5980	13163
5981	13162
5982	13161
5983	13160
5984	13159
5985	13158
5986	13157
5987	13156
5988	13155
5989	13154
5990	13153
5991	13152
5992	13151
5993	13150
5994	13149
5995	13148
5996	13147
5997	13146
5998	13145
5999	13144
6000	13143
6001	13142
6002	13141
6003	13140
6004	13139
6005	13138
6006	13137
6007	13136
6008	13135
6009	13134
6010	13133
6011	13132
6012	13131
6013	13130
6014	13129
6015	13128
6016	13127
6017	13126
6018	13125
6019	13124
6020	13123
6021	13122
6022	13121
6023	13120
6024	13119
6025	13118
6026	13117
6027	13116
6028	13115
6029	13114
6030	13113
6031	13112
6032	13111
6033	13110
6034	13109
6035	13108
6036	13107
6037	13106
6038	13105
6039	13104
6040	13103
6041	13102
6042	13101
6043	13100
6044	13099
6045	13098
6046	13097
6047	13096
6048	13095
6049	13094
6050	13093
6051	13092
6052	13091
6053	13090
6054	13089
6055	13088
6056	13087
6057	13086
6058	13085
6059	13084
6060	13083
6061	13082
6062	13081
6063	13080
6064	13079
6065	13078
6066	13077
6067	13076
6068	13075
6069	13074
6070	13073
6071	13072
6072	13071
6073	13070
6074	13069
6075	13068
6076	13067
6077	13066
6078	13065
6079	13064
6080	13063
6081	13062
6082	13061
6083	13060
6084	13059
6085	13058
6086	13057
6087	13056
6088	13055
6089	13054
6090	13053
6091	13052
6092	13051
6093	13050
6094	13049
6095	13048
6096	13047
6097	13046
6098	13045
6099	13044
6100	13043
6101	13042
6102	13041
6103	13040
6104	13039
6105	13038
6106	13037
6107	13036
6108	13035
6109	13034
6110	13033
6111	13032
6112	13031
6113	13030
6114	13029
6115	13028
6116	13027
6117	13026
6118	13025
6119	13024
6120	13015
6121	13014
6122	13013
6123	13012
6124	13011
6125	13010
6126	13009
6127	13008
6128	13007
6129	13004
6130	13003
6131	13002
6132	13001
6133	13000
6134	12999
6135	12998
6136	12997
6137	12996
6138	12995
6139	12994
6140	12993
6141	12991
6142	12990
6143	12989
6144	12988
6145	12987
6146	12986
6147	12985
6148	12984
6149	12983
6150	12982
6151	12980
6152	12979
6153	12978
6154	12977
6155	12976
6156	12975
6157	12974
6158	12973
6159	12972
6160	12971
6161	12970
6162	12969
6163	12968
6164	12967
6165	12966
6166	12965
6167	12964
6168	12963
6169	12962
6170	12961
6171	12960
6172	12959
6173	12957
6174	12956
6175	12955
6176	12954
6177	12953
6178	12952
6179	12951
6180	12950
6181	12949
6182	12948
6183	12947
6184	12946
6185	12945
6186	12944
6187	12943
6188	12942
6189	12941
6190	12940
6191	12939
6192	12938
6193	12937
6194	12936
6195	12935
6196	12934
6197	12933
6198	12932
6199	12931
6200	12930
6201	12929
6202	12928
6203	12927
6204	12926
6205	12925
6206	12924
6207	12923
6208	12922
6209	12921
6210	12920
6211	12919
6212	12918
6213	12917
6214	12916
6215	12915
6216	12914
6217	12913
6218	12912
6219	12911
6220	12910
6221	12909
6222	12908
6223	12907
6224	12906
6225	12905
6226	12904
6227	12903
6228	12902
6229	12901
6230	12900
6231	12899
6232	12898
6233	12897
6234	12896
6235	12895
6236	12893
6237	12892
6238	12891
6239	12890
6240	12889
6241	12888
6242	12887
6243	12886
6244	12885
6245	12884
6246	12883
6247	12882
6248	12881
6249	12880
6250	12879
6251	12878
6252	12877
6253	12876
6254	12875
6255	12874
6256	12873
6257	12872
6258	12871
6259	12869
6260	12868
6261	12867
6262	12866
6263	12865
6264	12864
6265	12862
6266	12861
6267	12860
6268	12859
6269	12858
6270	12857
6271	12856
6272	12855
6273	12854
6274	12853
6275	12852
6276	12851
6277	12850
6278	12849
6279	12848
6280	12847
6281	12846
6282	12845
6283	12844
6284	12843
6285	12842
6286	12841
6287	12840
6288	12839
6289	12838
6290	12837
6291	12836
6292	12835
6293	12834
6294	12833
6295	12832
6296	12831
6297	12830
6298	12829
6299	12828
6300	12827
6301	12826
6302	12825
6303	12824
6304	12823
6305	12822
6306	12821
6307	12820
6308	12819
6309	12818
6310	12817
6311	12816
6312	12815
6313	12814
6314	12813
6315	12812
6316	12811
6317	12810
6318	12809
6319	12808
6320	12807
6321	12806
6322	12805
6323	12804
6324	12803
6325	12802
6326	12801
6327	12800
6328	12799
6329	12798
6330	12797
6331	12796
6332	12795
6333	12794
6334	12793
6335	12792
6336	12791
6337	12790
6338	12789
6339	12788
6340	12787
6341	12786
6342	12785
6343	12784
6344	12783
6345	12782
6346	12781
6347	12780
6348	12779
6349	12778
6350	12777
6351	12776
6352	12775
6353	12774
6354	12773
6355	12772
6356	12771
6357	12770
6358	12769
6359	12768
6360	12767
6361	12766
6362	12765
6363	12764
6364	12763
6365	12762
6366	12761
6367	12760
6368	12759
6369	12758
6370	12757
6371	12756
6372	12755
6373	12754
6374	12753
6375	12752
6376	12751
6377	12750
6378	12749
6379	12748
6380	12747
6381	12746
6382	12745
6383	12744
6384	12743
6385	12742
6386	12741
6387	12740
6388	12739
6389	12738
6390	12737
6391	12736
6392	12735
6393	12733
6394	12732
6395	12731
6396	12729
6397	12727
6398	12726
6399	12725
6400	12724
6401	12723
6402	12722
6403	12721
6404	12720
6405	12719
6406	12718
6407	12717
6408	12716
6409	12715
6410	12714
6411	12713
6412	12712
6413	12711
6414	12710
6415	12709
6416	12708
6417	12707
6418	12706
6419	12705
6420	12704
6421	12703
6422	12702
6423	12701
6424	12699
6425	12698
6426	12697
6427	12696
6428	12695
6429	12694
6430	12693
6431	12692
6432	12691
6433	12690
6434	12689
6435	12688
6436	12687
6437	12686
6438	12685
6439	12684
6440	12683
6441	12682
6442	12681
6443	12680
6444	12679
6445	12678
6446	12677
6447	12676
6448	12675
6449	12674
6450	12673
6451	12672
6452	12671
6453	12670
6454	12669
6455	12668
6456	12667
6457	12666
6458	12665
6459	12664
6460	12663
6461	12662
6462	12661
6463	12660
6464	12659
6465	12658
6466	12657
6467	12656
6468	12655
6469	12654
6470	12653
6471	12652
6472	12651
6473	12650
6474	12649
6475	12647
6476	12646
6477	12645
6478	12644
6479	12643
6480	12642
6481	12641
6482	12640
6483	12639
6484	12638
6485	12637
6486	12636
6487	12635
6488	12634
6489	12633
6490	12632
6491	12631
6492	12630
6493	12629
6494	12628
6495	12627
6496	12626
6497	12625
6498	12624
6499	12623
6500	12622
6501	12621
6502	12620
6503	12619
6504	12618
6505	12617
6506	12616
6507	12615
6508	12614
6509	12613
6510	12612
6511	12611
6512	12610
6513	12609
6514	12608
6515	12607
6516	12606
6517	12605
6518	12604
6519	12603
6520	12602
6521	12601
6522	12600
6523	12599
6524	12597
6525	12596
6526	12595
6527	12594
6528	12593
6529	12592
6530	12591
6531	12590
6532	12589
6533	12588
6534	12587
6535	12586
6536	12585
6537	12584
6538	12583
6539	12582
6540	12581
6541	12580
6542	12579
6543	12578
6544	12577
6545	12576
6546	12575
6547	12574
6548	12573
6549	12572
6550	12571
6551	12570
6552	12569
6553	12568
6554	12567
6555	12566
6556	12565
6557	12564
6558	12563
6559	12562
6560	12561
6561	12560
6562	12559
6563	12558
6564	12557
6565	12556
6566	12555
6567	12554
6568	12553
6569	12552
6570	12551
6571	12550
6572	12549
6573	12548
6574	12547
6575	12546
6576	12545
6577	12544
6578	12543
6579	12542
6580	12541
6581	12540
6582	12539
6583	12538
6584	12537
6585	12536
6586	12535
6587	12534
6588	12533
6589	12532
6590	12531
6591	12530
6592	12529
6593	12528
6594	12527
6595	12526
6596	12525
6597	12524
6598	12523
6599	12522
6600	12521
6601	12520
6602	12519
6603	12518
6604	12517
6605	12516
6606	12515
6607	12514
6608	12513
6609	12512
6610	12511
6611	12510
6612	12509
6613	12508
6614	12507
6615	12506
6616	12505
6617	12504
6618	12503
6619	12502
6620	12501
6621	12500
6622	12499
6623	12498
6624	12497
6625	12496
6626	12495
6627	12494
6628	12493
6629	12492
6630	12491
6631	12490
6632	12489
6633	12488
6634	12487
6635	12486
6636	12485
6637	12484
6638	12483
6639	12482
6640	12481
6641	12480
6642	12479
6643	12478
6644	12477
6645	12476
6646	12475
6647	12474
6648	12473
6649	12472
6650	12471
6651	12470
6652	12469
6653	12468
6654	12467
6655	12466
6656	12465
6657	12464
6658	12463
6659	12462
6660	12461
6661	12460
6662	12459
6663	12458
6664	12457
6665	12456
6666	12455
6667	12454
6668	12453
6669	12452
6670	12451
6671	12450
6672	12449
6673	12448
6674	12447
6675	12446
6676	12445
6677	12444
6678	12443
6679	12442
6680	12441
6681	12440
6682	12439
6683	12438
6684	12437
6685	12436
6686	12435
6687	12434
6688	12433
6689	12432
6690	12431
6691	12430
6692	12429
6693	12428
6694	12427
6695	12426
6696	12425
6697	12424
6698	12423
6699	12422
6700	12421
6701	12420
6702	12419
6703	12418
6704	12417
6705	12416
6706	12415
6707	12414
6708	12413
6709	12412
6710	12411
6711	12410
6712	12409
6713	12408
6714	12407
6715	12406
6716	12405
6717	12404
6718	12403
6719	12402
6720	12401
6721	12400
6722	12399
6723	12398
6724	12397
6725	12396
6726	12395
6727	12394
6728	12393
6729	12392
6730	12391
6731	12390
6732	12389
6733	12388
6734	12387
6735	12386
6736	12385
6737	12384
6738	12383
6739	12382
6740	12381
6741	12380
6742	12379
6743	12378
6744	12377
6745	12376
6746	12375
6747	12374
6748	12373
6749	12372
6750	12371
6751	12370
6752	12369
6753	12368
6754	12367
6755	12366
6756	12365
6757	12364
6758	12363
6759	12362
6760	12361
6761	12360
6762	12359
6763	12358
6764	12357
6765	12356
6766	12355
6767	12354
6768	12353
6769	12352
6770	12351
6771	12350
6772	12349
6773	12348
6774	12347
6775	12346
6776	12345
6777	12344
6778	12343
6779	12342
6780	12341
6781	12340
6782	12339
6783	12338
6784	12337
6785	12336
6786	12335
6787	12334
6788	12333
6789	12332
6790	12331
6791	12330
6792	12329
6793	12328
6794	12327
6795	12326
6796	12325
6797	12324
6798	12323
6799	12322
6800	12321
6801	12320
6802	12319
6803	12318
6804	12317
6805	12316
6806	12315
6807	12314
6808	12313
6809	12312
6810	12311
6811	12310
6812	12309
6813	12308
6814	12307
6815	12306
6816	12305
6817	12304
6818	12303
6819	12302
6820	12301
6821	12300
6822	12299
6823	12298
6824	12297
6825	12296
6826	12295
6827	12294
6828	12293
6829	12292
6830	12291
6831	12290
6832	12289
6833	12288
6834	12287
6835	12286
6836	12285
6837	12284
6838	12283
6839	12282
6840	12281
6841	12280
6842	12279
6843	12278
6844	12277
6845	12276
6846	12275
6847	12274
6848	12273
6849	12272
6850	12271
6851	12268
6852	12267
6853	12266
6854	12265
6855	12264
6856	12263
6857	12262
6858	12261
6859	12260
6860	12259
6861	12258
6862	12257
6863	12256
6864	12255
6865	12254
6866	12253
6867	12252
6868	12251
6869	12248
6870	12247
6871	12246
6872	12244
6873	12243
6874	12242
6875	12241
6876	12240
6877	12239
6878	12238
6879	12237
6880	12235
6881	12234
6882	12233
6883	12232
6884	12231
6885	12230
6886	12229
6887	12228
6888	12227
6889	12226
6890	12225
6891	12224
6892	12223
6893	12222
6894	12221
6895	12220
6896	12219
6897	12218
6898	12217
6899	12216
6900	12215
6901	12214
6902	12213
6903	12212
6904	12211
6905	12210
6906	12209
6907	12208
6908	12207
6909	12206
6910	12205
6911	12204
6912	12203
6913	12202
6914	12201
6915	12200
6916	12199
6917	12198
6918	12197
6919	12196
6920	12195
6921	12194
6922	12193
6923	12192
6924	12191
6925	12190
6926	12189
6927	12188
6928	12187
6929	12186
6930	12185
6931	12184
6932	12183
6933	12182
6934	12181
6935	12180
6936	12179
6937	12178
6938	12177
6939	12176
6940	12175
6941	12174
6942	12173
6943	12172
6944	12171
6945	12170
6946	12169
6947	12168
6948	12167
6949	12166
6950	12165
6951	12164
6952	12163
6953	12162
6954	12161
6955	12160
6956	12159
6957	12158
6958	12157
6959	12156
6960	12155
6961	12154
6962	12153
6963	12152
6964	12151
6965	12150
6966	12149
6967	12148
6968	12147
6969	12146
6970	12145
6971	12144
6972	12143
6973	12142
6974	12140
6975	12139
6976	12138
6977	12137
6978	12136
6979	12135
6980	12134
6981	12133
6982	12132
6983	12131
6984	12130
6985	12129
6986	12128
6987	12127
6988	12126
6989	12125
6990	12124
6991	12123
6992	12122
6993	12121
6994	12120
6995	12119
6996	12118
6997	12117
6998	12116
6999	12115
7000	12114
7001	12113
7002	12112
7003	12111
7004	12110
7005	12109
7006	12108
7007	12106
7008	12105
7009	12104
7010	12103
7011	12102
7012	12101
7013	12100
7014	12099
7015	12098
7016	12097
7017	12096
7018	12095
7019	12094
7020	12093
7021	12092
7022	12091
7023	12090
7024	12089
7025	12088
7026	12087
7027	12086
7028	12085
7029	12084
7030	12083
7031	12082
7032	12081
7033	12080
7034	12079
7035	12078
7036	12077
7037	12076
7038	12075
7039	12074
7040	12073
7041	12072
7042	12071
7043	12070
7044	12069
7045	12068
7046	12067
7047	12066
7048	12065
7049	12064
7050	12063
7051	12062
7052	12061
7053	12060
7054	12059
7055	12058
7056	12057
7057	12056
7058	12055
7059	12054
7060	12053
7061	12052
7062	12051
7063	12050
7064	12049
7065	12048
7066	12047
7067	12046
7068	12045
7069	12044
7070	12043
7071	12042
7072	12041
7073	12040
7074	12039
7075	12038
7076	12037
7077	12036
7078	12035
7079	12034
7080	12033
7081	12032
7082	12031
7083	12030
7084	12029
7085	12028
7086	12027
7087	12026
7088	12025
7089	12024
7090	12023
7091	12022
7092	12021
7093	12020
7094	12019
7095	12018
7096	12017
7097	12016
7098	12015
7099	12014
7100	12013
7101	12012
7102	12011
7103	12010
7104	12009
7105	12008
7106	12007
7107	12006
7108	12005
7109	12004
7110	12003
7111	12002
7112	12001
7113	12000
7114	11999
7115	11998
7116	11997
7117	11996
7118	11995
7119	11994
7120	11993
7121	11992
7122	11991
7123	11990
7124	11989
7125	11988
7126	11987
7127	11986
7128	11985
7129	11984
7130	11983
7131	11982
7132	11981
7133	11980
7134	11979
7135	11978
7136	11977
7137	11976
7138	11975
7139	11974
7140	11973
7141	11972
7142	11971
7143	11970
7144	11969
7145	11968
7146	11967
7147	11966
7148	11965
7149	11964
7150	11963
7151	11962
7152	11961
7153	11960
7154	11959
7155	11958
7156	11957
7157	11956
7158	11955
7159	11954
7160	11953
7161	11952
7162	11951
7163	11950
7164	11949
7165	11948
7166	11947
7167	11946
7168	11945
7169	11944
7170	11943
7171	11942
7172	11941
7173	11940
7174	11939
7175	11938
7176	11937
7177	11936
7178	11935
7179	11934
7180	11933
7181	11931
7182	11930
7183	11929
7184	11928
7185	11927
7186	11926
7187	11925
7188	11924
7189	11923
7190	11922
7191	11921
7192	11920
7193	11918
7194	11917
7195	11916
7196	11915
7197	11914
7198	11913
7199	11912
7200	11911
7201	11910
7202	11909
7203	11908
7204	11907
7205	11906
7206	11904
7207	11903
7208	11902
7209	11901
7210	11900
7211	11899
7212	11898
7213	11897
7214	11896
7215	11895
7216	11894
7217	11893
7218	11892
7219	11891
7220	11890
7221	11889
7222	11888
7223	11887
7224	11886
7225	11885
7226	11884
7227	11883
7228	11882
7229	11881
7230	11880
7231	11879
7232	11878
7233	11877
7234	11876
7235	11875
7236	11874
7237	11873
7238	11872
7239	11871
7240	11870
7241	11869
7242	11868
7243	11867
7244	11866
7245	11865
7246	11864
7247	11863
7248	11862
7249	11861
7250	11860
7251	11859
7252	11858
7253	11857
7254	11856
7255	11855
7256	11854
7257	11853
7258	11852
7259	11851
7260	11850
7261	11849
7262	11848
7263	11847
7264	11846
7265	11845
7266	11844
7267	11843
7268	11842
7269	11841
7270	11840
7271	11839
7272	11838
7273	11837
7274	11836
7275	11835
7276	11834
7277	11833
7278	11832
7279	11831
7280	11830
7281	11829
7282	11828
7283	11827
7284	11826
7285	11825
7286	11824
7287	11823
7288	11822
7289	11821
7290	11820
7291	11819
7292	11818
7293	11817
7294	11816
7295	11815
7296	11814
7297	11813
7298	11812
7299	11811
7300	11810
7301	11809
7302	11808
7303	11807
7304	11806
7305	11805
7306	11804
7307	11803
7308	11802
7309	11801
7310	11800
7311	11799
7312	11798
7313	11797
7314	11796
7315	11795
7316	11794
7317	11793
7318	11792
7319	11791
7320	11790
7321	11789
7322	11788
7323	11787
7324	11786
7325	11785
7326	11784
7327	11783
7328	11782
7329	11781
7330	11780
7331	11779
7332	11778
7333	11777
7334	11776
7335	11775
7336	11774
7337	11773
7338	11772
7339	11771
7340	11770
7341	11769
7342	11768
7343	11767
7344	11766
7345	11765
7346	11764
7347	11763
7348	11762
7349	11761
7350	11760
7351	11759
7352	11758
7353	11757
7354	11756
7355	11755
7356	11754
7357	11753
7358	11752
7359	11751
7360	11750
7361	11749
7362	11748
7363	11747
7364	11746
7365	11745
7366	11744
7367	11743
7368	11742
7369	11741
7370	11740
7371	11739
7372	11738
7373	11737
7374	11736
7375	11735
7376	11734
7377	11733
7378	11732
7379	11730
7380	11729
7381	11728
7382	11727
7383	11726
7384	11725
7385	11724
7386	11723
7387	11722
7388	11721
7389	11720
7390	11719
7391	11717
7392	11716
7393	11715
7394	11714
7395	11713
7396	11712
7397	11711
7398	11710
7399	11709
7400	11708
7401	11707
7402	11706
7403	11705
7404	11704
7405	11703
7406	11702
7407	11701
7408	11700
7409	11699
7410	11698
7411	11697
7412	11696
7413	11695
7414	11694
7415	11693
7416	11692
7417	11691
7418	11690
7419	11688
7420	11687
7421	11686
7422	11685
7423	11684
7424	11683
7425	11682
7426	11681
7427	11680
7428	11679
7429	11678
7430	11677
7431	11676
7432	11675
7433	11674
7434	11673
7435	11672
7436	11671
7437	11670
7438	11669
7439	11668
7440	11667
7441	11666
7442	11665
7443	11664
7444	11663
7445	11662
7446	11661
7447	11660
7448	11659
7449	11658
7450	11657
7451	11656
7452	11655
7453	11654
7454	11653
7455	11652
7456	11651
7457	11650
7458	11649
7459	11648
7460	11647
7461	11646
7462	11645
7463	11644
7464	11643
7465	11642
7466	11641
7467	11640
7468	11639
7469	11638
7470	11637
7471	11635
7472	11634
7473	11633
7474	11632
7475	11631
7476	11630
7477	11629
7478	11628
7479	11627
7480	11626
7481	11625
7482	11624
7483	11623
7484	11622
7485	11621
7486	11620
7487	11619
7488	11618
7489	11617
7490	11616
7491	11615
7492	11614
7493	11613
7494	11612
7495	11611
7496	11610
7497	11609
7498	11608
7499	11607
7500	11606
7501	11605
7502	11604
7503	11603
7504	11602
7505	11601
7506	11600
7507	11599
7508	11598
7509	11597
7510	11596
7511	11595
7512	11594
7513	11593
7514	11592
7515	11591
7516	11590
7517	11589
7518	11588
7519	11587
7520	11586
7521	11585
7522	11584
7523	11583
7524	11582
7525	11581
7526	11580
7527	11579
7528	11578
7529	11577
7530	11576
7531	11575
7532	11574
7533	11573
7534	11572
7535	11571
7536	11570
7537	11569
7538	11568
7539	11567
7540	11566
7541	11565
7542	11564
7543	11563
7544	11562
7545	11561
7546	11560
7547	11559
7548	11558
7549	11557
7550	11556
7551	11555
7552	11554
7553	11553
7554	11552
7555	11551
7556	11550
7557	11549
7558	11548
7559	11547
7560	11546
7561	11545
7562	11544
7563	11543
7564	11542
7565	11541
7566	11540
7567	11539
7568	11538
7569	11537
7570	11536
7571	11535
7572	11534
7573	11533
7574	11532
7575	11531
7576	11530
7577	11529
7578	11528
7579	11527
7580	11526
7581	11525
7582	11524
7583	11523
7584	11522
7585	11521
7586	11520
7587	11519
7588	11518
7589	11517
7590	11516
7591	11515
7592	11514
7593	11513
7594	11512
7595	11511
7596	11510
7597	11509
7598	11508
7599	11507
7600	11506
7601	11505
7602	11504
7603	11503
7604	11501
7605	11501
